model,seed/run,n_features_selected,accuracy,accuracy_class1/recall,accuracy_class0,precision,f1_score,balanced_accuracy,oob_accuracy,log_loss_value,roc_auc,fpr,tpr,tprs
RF_202201121058,0,268,0.7012578616352201,0.7421383647798742,0.660377358490566,0.686046511627907,0.7129909365558912,0.7012578616352201,0.6968503937007874,0.5951066995177359,0.7754835647324076,"[0.         0.         0.         0.00628931 0.00628931 0.01257862
 0.01257862 0.02515723 0.02515723 0.03144654 0.03144654 0.04402516
 0.04402516 0.05660377 0.05660377 0.06289308 0.06289308 0.06918239
 0.06918239 0.0754717  0.0754717  0.08176101 0.08176101 0.08805031
 0.08805031 0.09433962 0.09433962 0.10062893 0.10062893 0.11320755
 0.11320755 0.11949686 0.11949686 0.13207547 0.13207547 0.13836478
 0.13836478 0.14465409 0.14465409 0.16981132 0.16981132 0.18238994
 0.18238994 0.18867925 0.18867925 0.19496855 0.19496855 0.20754717
 0.20754717 0.21383648 0.21383648 0.22012579 0.22012579 0.22641509
 0.22641509 0.23899371 0.23899371 0.25157233 0.25157233 0.25786164
 0.25786164 0.26415094 0.26415094 0.28301887 0.28301887 0.29559748
 0.29559748 0.30188679 0.30188679 0.3081761  0.3081761  0.31446541
 0.31446541 0.32075472 0.32075472 0.32704403 0.32704403 0.33333333
 0.33333333 0.35220126 0.35220126 0.35849057 0.35849057 0.36477987
 0.36477987 0.37106918 0.37106918 0.3836478  0.3836478  0.42138365
 0.42138365 0.43396226 0.43396226 0.44025157 0.44025157 0.47169811
 0.47169811 0.49056604 0.49056604 0.49685535 0.49685535 0.51572327
 0.51572327 0.52201258 0.52201258 0.55974843 0.55974843 0.57232704
 0.57232704 0.57861635 0.57861635 0.62893082 0.62893082 0.64150943
 0.64150943 0.70440252 0.70440252 0.75471698 0.75471698 0.77358491
 0.77358491 0.85534591 0.85534591 0.87421384 0.87421384 0.91194969
 0.91194969 1.        ]","[0.         0.00628931 0.10691824 0.10691824 0.13207547 0.13207547
 0.19496855 0.19496855 0.20125786 0.20125786 0.20754717 0.20754717
 0.21383648 0.21383648 0.23899371 0.23899371 0.25157233 0.25157233
 0.26415094 0.26415094 0.29559748 0.29559748 0.32075472 0.32075472
 0.33962264 0.33962264 0.34591195 0.34591195 0.40880503 0.40880503
 0.41509434 0.41509434 0.45283019 0.45283019 0.46540881 0.46540881
 0.47169811 0.47169811 0.47798742 0.47798742 0.49056604 0.49056604
 0.52201258 0.52201258 0.53459119 0.53459119 0.54716981 0.54716981
 0.55345912 0.55345912 0.55974843 0.55974843 0.56603774 0.56603774
 0.57232704 0.57232704 0.57861635 0.57861635 0.58490566 0.58490566
 0.59119497 0.59119497 0.60377358 0.60377358 0.62893082 0.62893082
 0.63522013 0.63522013 0.64150943 0.64150943 0.65408805 0.65408805
 0.66037736 0.66037736 0.6918239  0.6918239  0.72327044 0.72327044
 0.74213836 0.74213836 0.7672956  0.7672956  0.77987421 0.77987421
 0.80503145 0.80503145 0.81132075 0.81132075 0.8427673  0.8427673
 0.85534591 0.85534591 0.86163522 0.86163522 0.87421384 0.87421384
 0.89308176 0.89308176 0.89937107 0.89937107 0.90566038 0.90566038
 0.91194969 0.91194969 0.91823899 0.91823899 0.93710692 0.93710692
 0.94339623 0.94339623 0.94968553 0.94968553 0.95597484 0.95597484
 0.96226415 0.96226415 0.96855346 0.96855346 0.97484277 0.97484277
 0.98113208 0.98113208 0.98742138 0.98742138 0.99371069 0.99371069
 1.         1.        ]","[0.10691824 0.13207547 0.19496855 0.20125786 0.20754717 0.21383648
 0.23899371 0.26415094 0.29559748 0.33962264 0.40880503 0.40880503
 0.45283019 0.45283019 0.47169811 0.47798742 0.47798742 0.49056604
 0.49056604 0.53459119 0.54716981 0.55345912 0.56603774 0.57232704
 0.57861635 0.58490566 0.59119497 0.60377358 0.60377358 0.62893082
 0.64150943 0.65408805 0.6918239  0.74213836 0.74213836 0.7672956
 0.77987421 0.81132075 0.8427673  0.8427673  0.8427673  0.8427673
 0.85534591 0.86163522 0.87421384 0.87421384 0.87421384 0.89308176
 0.89308176 0.89937107 0.90566038 0.90566038 0.91823899 0.91823899
 0.91823899 0.91823899 0.93710692 0.94339623 0.94968553 0.94968553
 0.94968553 0.94968553 0.94968553 0.95597484 0.96226415 0.96226415
 0.96226415 0.96226415 0.96226415 0.96226415 0.96855346 0.96855346
 0.96855346 0.96855346 0.96855346 0.97484277 0.97484277 0.98113208
 0.98113208 0.98113208 0.98113208 0.98113208 0.98113208 0.98113208
 0.98113208 0.98742138 0.98742138 0.99371069 0.99371069 0.99371069
 0.99371069 1.         1.         1.         1.         1.
 1.         1.         1.         1.        ]"
RF_202201121058,1,268,0.7075471698113207,0.7672955974842768,0.6477987421383647,0.6853932584269663,0.7240356083086055,0.7075471698113207,0.6968503937007874,0.595341293953792,0.7723586883430243,"[0.         0.         0.         0.00628931 0.00628931 0.01257862
 0.01257862 0.01886792 0.01886792 0.02515723 0.02515723 0.03144654
 0.03144654 0.03773585 0.03773585 0.04402516 0.04402516 0.05031447
 0.05031447 0.06289308 0.06289308 0.0754717  0.0754717  0.08805031
 0.08805031 0.10062893 0.10062893 0.10691824 0.10691824 0.11320755
 0.11320755 0.11949686 0.11949686 0.13836478 0.13836478 0.14465409
 0.14465409 0.1509434  0.1509434  0.18238994 0.18238994 0.18867925
 0.18867925 0.19496855 0.19496855 0.21383648 0.21383648 0.22012579
 0.22012579 0.22641509 0.22641509 0.2327044  0.2327044  0.23899371
 0.23899371 0.25157233 0.25157233 0.27672956 0.27672956 0.28930818
 0.28930818 0.31446541 0.31446541 0.32075472 0.32075472 0.34591195
 0.34591195 0.35220126 0.35220126 0.36477987 0.36477987 0.37106918
 0.37106918 0.38993711 0.38993711 0.39622642 0.39622642 0.40251572
 0.40251572 0.40880503 0.40880503 0.42138365 0.42138365 0.43396226
 0.43396226 0.44654088 0.44654088 0.46540881 0.46540881 0.50943396
 0.50943396 0.51572327 0.51572327 0.53459119 0.53459119 0.55345912
 0.55345912 0.55974843 0.55974843 0.57232704 0.57232704 0.59748428
 0.59748428 0.60377358 0.60377358 0.65408805 0.65408805 0.71069182
 0.71069182 0.74213836 0.74213836 0.77358491 0.77358491 0.83647799
 0.83647799 0.86163522 0.86163522 0.89937107 0.89937107 1.        ]","[0.         0.00628931 0.01886792 0.01886792 0.03144654 0.03144654
 0.12578616 0.12578616 0.18238994 0.18238994 0.21383648 0.21383648
 0.22012579 0.22012579 0.25157233 0.25157233 0.25786164 0.25786164
 0.27044025 0.27044025 0.30188679 0.30188679 0.33962264 0.33962264
 0.34591195 0.34591195 0.40251572 0.40251572 0.40880503 0.40880503
 0.42138365 0.42138365 0.42767296 0.42767296 0.44025157 0.44025157
 0.4591195  0.4591195  0.49056604 0.49056604 0.50314465 0.50314465
 0.52201258 0.52201258 0.55345912 0.55345912 0.57861635 0.57861635
 0.59119497 0.59119497 0.63522013 0.63522013 0.64150943 0.64150943
 0.64779874 0.64779874 0.65408805 0.65408805 0.67295597 0.67295597
 0.67924528 0.67924528 0.71698113 0.71698113 0.73584906 0.73584906
 0.76100629 0.76100629 0.7672956  0.7672956  0.78616352 0.78616352
 0.80503145 0.80503145 0.81132075 0.81132075 0.81761006 0.81761006
 0.82389937 0.82389937 0.83018868 0.83018868 0.83647799 0.83647799
 0.8427673  0.8427673  0.8490566  0.8490566  0.86163522 0.86163522
 0.86792453 0.86792453 0.88679245 0.88679245 0.89937107 0.89937107
 0.91194969 0.91194969 0.91823899 0.91823899 0.9245283  0.9245283
 0.93710692 0.93710692 0.94339623 0.94339623 0.94968553 0.94968553
 0.95597484 0.95597484 0.96226415 0.96226415 0.96855346 0.96855346
 0.97484277 0.97484277 0.98742138 0.98742138 1.         1.        ]","[0.01886792 0.03144654 0.18238994 0.21383648 0.25157233 0.27044025
 0.27044025 0.30188679 0.33962264 0.34591195 0.40251572 0.40880503
 0.42767296 0.42767296 0.44025157 0.49056604 0.49056604 0.49056604
 0.49056604 0.52201258 0.55345912 0.55345912 0.59119497 0.63522013
 0.64779874 0.65408805 0.65408805 0.65408805 0.67295597 0.67924528
 0.67924528 0.67924528 0.73584906 0.73584906 0.73584906 0.7672956
 0.7672956  0.80503145 0.80503145 0.81132075 0.82389937 0.83018868
 0.83647799 0.8427673  0.8427673  0.8490566  0.8490566  0.86163522
 0.86163522 0.86163522 0.86163522 0.86792453 0.88679245 0.89937107
 0.89937107 0.91194969 0.91823899 0.9245283  0.9245283  0.9245283
 0.94339623 0.94339623 0.94339623 0.94339623 0.94339623 0.94968553
 0.94968553 0.94968553 0.94968553 0.94968553 0.94968553 0.95597484
 0.95597484 0.95597484 0.96226415 0.96226415 0.96226415 0.96855346
 0.96855346 0.96855346 0.96855346 0.96855346 0.96855346 0.97484277
 0.97484277 0.97484277 0.98742138 0.98742138 0.98742138 0.98742138
 1.         1.         1.         1.         1.         1.
 1.         1.         1.         1.        ]"
