model,seed/run,accuracy,accuracy_class1/recall,accuracy_class0,precision,f1_score,balanced_accuracy,roc_auc
logreg_early,0,0.6635220125786163,0.6792452830188679,0.6477987421383647,0.6585365853658537,0.6687306501547987,0.6635220125786163,0.7246548791582612
logreg_early,1,0.7012578616352201,0.7169811320754716,0.6855345911949685,0.6951219512195121,0.7058823529411764,0.7012578616352201,0.7605909576361695
logreg_early,2,0.6886792452830188,0.6729559748427673,0.7044025157232704,0.6948051948051948,0.6837060702875398,0.6886792452830188,0.7380246034571417
logreg_early,3,0.6792452830188679,0.6792452830188679,0.6792452830188679,0.6792452830188679,0.6792452830188679,0.6792452830188679,0.7532336537320518
logreg_early,4,0.6761006289308176,0.6918238993710691,0.660377358490566,0.6707317073170732,0.6811145510835913,0.6761006289308176,0.7304695225663541
logreg_early,5,0.6729559748427673,0.6729559748427673,0.6729559748427673,0.6729559748427673,0.6729559748427673,0.6729559748427673,0.73082552114236
logreg_early,6,0.6981132075471698,0.6729559748427673,0.7232704402515723,0.7086092715231788,0.6903225806451613,0.6981132075471698,0.7633796131482141
logreg_early,7,0.6666666666666666,0.660377358490566,0.6729559748427673,0.6687898089171974,0.6645569620253164,0.6666666666666666,0.7545587595427397
logreg_early,8,0.6886792452830188,0.6477987421383647,0.7295597484276729,0.7054794520547946,0.6754098360655738,0.6886792452830188,0.7578023021241249
logreg_early,9,0.7044025157232704,0.660377358490566,0.7484276729559748,0.7241379310344828,0.6907894736842105,0.7044025157232704,0.7878644040979392
logreg_early,10,0.6729559748427673,0.660377358490566,0.6855345911949685,0.6774193548387096,0.6687898089171974,0.6729559748427673,0.7173173529528105
logreg_early,11,0.6886792452830188,0.6415094339622641,0.7358490566037735,0.7083333333333334,0.6732673267326733,0.6886792452830188,0.7479530081879673
logreg_early,12,0.6729559748427673,0.660377358490566,0.6855345911949685,0.6774193548387096,0.6687898089171974,0.6729559748427673,0.7154186938807803
logreg_early,13,0.6729559748427673,0.6918238993710691,0.6540880503144654,0.6666666666666666,0.6790123456790123,0.6729559748427673,0.736620386851786
