model,seed/run,n_features_selected,accuracy,accuracy_class1/recall,accuracy_class0,precision,f1_score,balanced_accuracy,oob_accuracy,log_loss_value,roc_auc
RF_202111091922,0,67,0.6132075471698113,0.5723270440251572,0.6540880503144654,0.6232876712328768,0.5967213114754097,0.6132075471698113,0.6251968503937008,0.6578629733843424,0.6678137731893518
RF_202111091922,1,66,0.6163522012578616,0.5849056603773585,0.6477987421383647,0.6241610738255033,0.6038961038961039,0.6163522012578616,0.631496062992126,0.6614500206614683,0.6549187136584786
RF_202111091922,2,78,0.6289308176100629,0.5660377358490566,0.6918238993710691,0.6474820143884892,0.6040268456375839,0.6289308176100629,0.6267716535433071,0.6623830660164529,0.6570151497171789
RF_202111091922,3,74,0.6257861635220126,0.610062893081761,0.6415094339622641,0.6298701298701299,0.6198083067092652,0.6257861635220126,0.6251968503937008,0.663960536320282,0.6490645148530517
RF_202111091922,4,72,0.6037735849056604,0.5345911949685535,0.6729559748427673,0.6204379562043796,0.5743243243243242,0.6037735849056604,0.6283464566929133,0.6625077626474078,0.6655195601439816
RF_202111091922,5,66,0.6132075471698113,0.5723270440251572,0.6540880503144654,0.6232876712328768,0.5967213114754097,0.6132075471698113,0.6291338582677165,0.6557588348707527,0.6693168782880423
RF_202111091922,6,79,0.60062893081761,0.5408805031446541,0.660377358490566,0.6142857142857143,0.5752508361204014,0.60062893081761,0.6244094488188976,0.6642262520372801,0.6472054111783553
RF_202111091922,7,71,0.6635220125786163,0.660377358490566,0.6666666666666666,0.6645569620253164,0.6624605678233437,0.6635220125786163,0.6307086614173228,0.6402545081676233,0.7159131363474547
RF_202111091922,8,77,0.6132075471698113,0.5345911949685535,0.6918238993710691,0.6343283582089553,0.5802047781569966,0.6132075471698113,0.6291338582677165,0.6625268746428954,0.6531387207784503
RF_202111091922,9,73,0.6477987421383647,0.6037735849056604,0.6918238993710691,0.6620689655172414,0.6315789473684211,0.6477987421383647,0.6173228346456693,0.6606345670231897,0.6644515644159645
RF_202111091922,10,75,0.660377358490566,0.6289308176100629,0.6918238993710691,0.6711409395973155,0.6493506493506493,0.660377358490566,0.6055118110236221,0.6494506354443159,0.704916735888612
RF_202111091922,11,80,0.5849056603773585,0.5345911949685535,0.6352201257861635,0.5944055944055944,0.5629139072847682,0.5849056603773585,0.6251968503937008,0.6722660836221852,0.6235908389699775
RF_202111091922,12,74,0.6194968553459119,0.5723270440251572,0.6666666666666666,0.6319444444444444,0.6006600660066007,0.6194968553459119,0.6244094488188976,0.6541643572599309,0.6965309916538112
RF_202111091922,13,77,0.610062893081761,0.5911949685534591,0.6289308176100629,0.6143790849673203,0.6025641025641026,0.610062893081761,0.621259842519685,0.6665559986309694,0.6413907677702623
RF_202111091922,14,83,0.610062893081761,0.5220125786163522,0.6981132075471698,0.6335877862595419,0.5724137931034483,0.610062893081761,0.6251968503937008,0.6577544795727294,0.6548000474664768
RF_202111091922,15,73,0.6572327044025157,0.6226415094339622,0.6918238993710691,0.668918918918919,0.6449511400651466,0.6572327044025157,0.6149606299212599,0.6475555504614474,0.6972034334084886
RF_202111091922,16,70,0.5471698113207547,0.5157232704402516,0.5786163522012578,0.5503355704697986,0.5324675324675324,0.5471698113207547,0.6385826771653543,0.6678734467893962,0.6224832878446264
RF_202111091922,17,72,0.5911949685534591,0.5660377358490566,0.6163522012578616,0.5960264900662252,0.5806451612903226,0.5911949685534591,0.6133858267716535,0.6634762113713819,0.6542462719038012
RF_202111091922,18,66,0.6037735849056604,0.5911949685534591,0.6163522012578616,0.6064516129032258,0.5987261146496816,0.6037735849056604,0.6188976377952756,0.6621208392435669,0.6577667022665243
RF_202111091922,19,71,0.6509433962264151,0.6226415094339622,0.6792452830188679,0.66,0.6407766990291262,0.6509433962264151,0.6220472440944882,0.6479289935596211,0.6903207942723784
RF_202111091922,20,77,0.6446540880503144,0.6037735849056604,0.6855345911949685,0.6575342465753424,0.6295081967213115,0.6446540880503144,0.6204724409448819,0.6573029015975171,0.6936830030457655
RF_202111091922,21,80,0.5911949685534591,0.5786163522012578,0.6037735849056604,0.5935483870967742,0.5859872611464967,0.5911949685534591,0.621259842519685,0.6640832653845269,0.6436849808156324
RF_202111091922,22,69,0.6257861635220126,0.5660377358490566,0.6855345911949685,0.6428571428571429,0.6020066889632107,0.6257861635220126,0.6118110236220472,0.657582569820194,0.6761204066294846
RF_202111091922,23,63,0.6415094339622641,0.5974842767295597,0.6855345911949685,0.6551724137931034,0.625,0.6415094339622641,0.6181102362204725,0.6581707370046458,0.6895692417230331
RF_202111091922,24,67,0.6698113207547169,0.6037735849056604,0.7358490566037735,0.6956521739130435,0.6464646464646465,0.6698113207547169,0.6157480314960629,0.6547394546450518,0.7019500810885646
RF_202111091922,25,72,0.6226415094339622,0.5534591194968553,0.6918238993710691,0.6423357664233577,0.5945945945945945,0.6226415094339622,0.6259842519685039,0.6577615473819707,0.6738657489814486
RF_202111091922,26,73,0.6163522012578616,0.5786163522012578,0.6540880503144654,0.6258503401360545,0.6013071895424835,0.6163522012578616,0.6086614173228346,0.6542096943766739,0.6694750998773783
RF_202111091922,27,61,0.6132075471698113,0.5660377358490566,0.660377358490566,0.625,0.594059405940594,0.6132075471698113,0.6181102362204725,0.6679982906613542,0.6397294410822357
RF_202111091922,28,76,0.610062893081761,0.6352201257861635,0.5849056603773585,0.6047904191616766,0.6196319018404908,0.610062893081761,0.6307086614173228,0.6610523382842224,0.6655195601439816
RF_202111091922,29,75,0.660377358490566,0.5974842767295597,0.7232704402515723,0.6834532374100719,0.6375838926174497,0.660377358490566,0.6047244094488189,0.6487029263318186,0.7179304616114869
RF_202111091922,30,70,0.6352201257861635,0.5723270440251572,0.6981132075471698,0.6546762589928058,0.610738255033557,0.6352201257861635,0.6338582677165354,0.6517889505040927,0.6735493058027768
RF_202111091922,31,80,0.60062893081761,0.5849056603773585,0.6163522012578616,0.6038961038961039,0.5942492012779552,0.60062893081761,0.6299212598425197,0.6594619353610701,0.6509236185277482
RF_202111091922,32,74,0.6037735849056604,0.5723270440251572,0.6352201257861635,0.610738255033557,0.5909090909090909,0.6037735849056604,0.6259842519685039,0.6555757474034123,0.663937344250623
RF_202111091922,33,75,0.6446540880503144,0.6352201257861635,0.6540880503144654,0.6474358974358975,0.6412698412698412,0.6446540880503144,0.6244094488188976,0.6565531889868448,0.6879079150350066
RF_202111091922,34,73,0.6383647798742138,0.610062893081761,0.6666666666666666,0.6466666666666666,0.627831715210356,0.6383647798742138,0.6070866141732284,0.6549171407567997,0.6881452474190104
RF_202111091922,35,78,0.6352201257861635,0.5534591194968553,0.7169811320754716,0.6616541353383458,0.6027397260273973,0.6352201257861635,0.6173228346456693,0.6582924102064946,0.678058621098849
RF_202111091922,36,75,0.6257861635220126,0.5786163522012578,0.6729559748427673,0.6388888888888888,0.6072607260726073,0.6257861635220126,0.6220472440944882,0.6644730584497652,0.6517938372690955
RF_202111091922,37,77,0.6037735849056604,0.559748427672956,0.6477987421383647,0.6137931034482759,0.5855263157894737,0.6037735849056604,0.6275590551181103,0.6597848021578275,0.6620782405759266
RF_202111091922,38,73,0.6383647798742138,0.5974842767295597,0.6792452830188679,0.6506849315068494,0.6229508196721312,0.6383647798742138,0.6291338582677165,0.6549115743968048,0.6922590087417428
RF_202111091922,39,68,0.6069182389937107,0.6415094339622641,0.5723270440251572,0.6,0.6200607902735562,0.6069182389937107,0.6125984251968504,0.6588200051016625,0.6742613029547883
RF_202111091922,40,74,0.60062893081761,0.5220125786163522,0.6792452830188679,0.6194029850746269,0.5665529010238908,0.60062893081761,0.6440944881889764,0.6511281708859219,0.6712550927574068
RF_202111091922,41,69,0.6320754716981132,0.6226415094339622,0.6415094339622641,0.6346153846153846,0.6285714285714284,0.6320754716981132,0.6149606299212599,0.6413632676171392,0.7056682884379574
RF_202111091922,42,67,0.6194968553459119,0.5911949685534591,0.6477987421383647,0.6266666666666667,0.6084142394822006,0.6194968553459119,0.6299212598425197,0.649943508135504,0.6815790514615719
RF_202111091922,43,66,0.60062893081761,0.5660377358490566,0.6352201257861635,0.6081081081081081,0.5863192182410423,0.60062893081761,0.6448818897637796,0.6730383821137622,0.6211779597326055
RF_202111091922,44,66,0.610062893081761,0.5911949685534591,0.6289308176100629,0.6143790849673203,0.6025641025641026,0.610062893081761,0.6362204724409449,0.6604031105612351,0.6687631027253668
RF_202111091922,45,80,0.6069182389937107,0.5283018867924528,0.6855345911949685,0.6268656716417911,0.5733788395904438,0.6069182389937107,0.6346456692913386,0.6586463450811181,0.6553933784264862
RF_202111091922,46,77,0.6069182389937107,0.5786163522012578,0.6352201257861635,0.6133333333333333,0.5954692556634305,0.6069182389937107,0.6244094488188976,0.6585780072385887,0.665163561567976
RF_202111091922,47,80,0.6289308176100629,0.5849056603773585,0.6729559748427673,0.6413793103448275,0.611842105263158,0.6289308176100629,0.6362204724409449,0.6499889673489537,0.6746964123254617
RF_202111091922,48,73,0.6823899371069182,0.6352201257861635,0.7295597484276729,0.7013888888888888,0.6666666666666666,0.6823899371069182,0.5984251968503937,0.6455571081265749,0.7279379771369804
RF_202111091922,49,81,0.6823899371069182,0.6540880503144654,0.710691823899371,0.6933333333333334,0.6731391585760518,0.6823899371069182,0.6110236220472441,0.6467148286692879,0.7384201574304814
RF_202111091922,50,68,0.6352201257861635,0.6352201257861635,0.6352201257861635,0.6352201257861635,0.6352201257861635,0.6352201257861635,0.6125984251968504,0.642041942319324,0.7149638068114396
RF_202111091922,51,76,0.6383647798742138,0.6415094339622641,0.6352201257861635,0.6375,0.6394984326018808,0.6383647798742138,0.6,0.6544857304609669,0.6978758751631661
RF_202111091922,52,79,0.6540880503144654,0.6415094339622641,0.6666666666666666,0.6580645161290323,0.6496815286624203,0.6540880503144654,0.6007874015748031,0.6471033622697967,0.7236264388275779
RF_202111091922,53,73,0.6855345911949685,0.6792452830188679,0.6918238993710691,0.6878980891719745,0.6835443037974683,0.6855345911949685,0.5968503937007874,0.6556798643136746,0.697836319765832
RF_202111091922,54,70,0.6289308176100629,0.6163522012578616,0.6415094339622641,0.632258064516129,0.6242038216560509,0.6289308176100629,0.6204724409448819,0.651163176784765,0.6964123254618092
RF_202111091922,55,72,0.6257861635220126,0.6477987421383647,0.6037735849056604,0.6204819277108434,0.6338461538461538,0.6257861635220126,0.637007874015748,0.6476875858982947,0.691982120960405
RF_202111091922,56,83,0.6698113207547169,0.660377358490566,0.6792452830188679,0.6730769230769231,0.6666666666666667,0.6698113207547169,0.6047244094488189,0.6494808738581865,0.7281357541236503
RF_202111091922,57,80,0.6163522012578616,0.6037735849056604,0.6289308176100629,0.6193548387096774,0.6114649681528661,0.6163522012578616,0.6299212598425197,0.6605565511948168,0.6561844863731656
RF_202111091922,58,63,0.6289308176100629,0.6477987421383647,0.610062893081761,0.6242424242424243,0.6358024691358025,0.6289308176100629,0.6039370078740157,0.6484563025909724,0.7104940469127012
RF_202111091922,59,84,0.5786163522012578,0.6037735849056604,0.5534591194968553,0.5748502994011976,0.5889570552147239,0.5786163522012578,0.621259842519685,0.6679742430441641,0.6306316996954234
RF_202111091922,60,77,0.610062893081761,0.5974842767295597,0.6226415094339622,0.6129032258064516,0.6050955414012739,0.610062893081761,0.6377952755905512,0.6612468334215088,0.642972983663621
RF_202111091922,61,77,0.610062893081761,0.5974842767295597,0.6226415094339622,0.6129032258064516,0.6050955414012739,0.610062893081761,0.6236220472440945,0.6631052396468743,0.6485107392903762
RF_202111091922,62,75,0.660377358490566,0.6540880503144654,0.6666666666666666,0.6624203821656051,0.6582278481012658,0.660377358490566,0.6259842519685039,0.6415541592636724,0.7235473280329101
RF_202111091922,63,74,0.6666666666666666,0.6918238993710691,0.6415094339622641,0.6586826347305389,0.6748466257668712,0.6666666666666666,0.6070866141732284,0.6567944328361507,0.6822910486135834
RF_202111091922,64,76,0.5943396226415094,0.5660377358490566,0.6226415094339622,0.6,0.5825242718446602,0.5943396226415094,0.6275590551181103,0.6668137425514247,0.6368814524741901
RF_202111091922,65,73,0.6257861635220126,0.6352201257861635,0.6163522012578616,0.6234567901234568,0.6292834890965732,0.6257861635220126,0.6330708661417322,0.6573643021707345,0.6766741821921601
RF_202111091922,66,75,0.6540880503144654,0.5974842767295597,0.710691823899371,0.6737588652482269,0.6333333333333333,0.6540880503144654,0.6023622047244095,0.6556285268576936,0.7135398125074166
RF_202111091922,67,83,0.6163522012578616,0.6226415094339622,0.610062893081761,0.6149068322981367,0.61875,0.6163522012578616,0.6346456692913386,0.6606015138352134,0.6638977888532891
RF_202111091922,68,75,0.5880503144654088,0.5471698113207547,0.6289308176100629,0.5958904109589042,0.5704918032786885,0.5880503144654088,0.6354330708661418,0.6711279287850322,0.633361022111467
RF_202111091922,69,66,0.6477987421383647,0.6477987421383647,0.6477987421383647,0.6477987421383647,0.6477987421383647,0.6477987421383647,0.6125984251968504,0.6541835565834594,0.6860883667576441
RF_202111091922,70,77,0.5943396226415094,0.5911949685534591,0.5974842767295597,0.5949367088607594,0.5930599369085173,0.5943396226415094,0.6307086614173228,0.656664368204005,0.6573315928958506
RF_202111091922,71,75,0.6666666666666666,0.6855345911949685,0.6477987421383647,0.6606060606060606,0.6728395061728395,0.6666666666666666,0.6055118110236221,0.6501598054763433,0.7197500098888493
RF_202111091922,72,72,0.6194968553459119,0.5408805031446541,0.6981132075471698,0.6417910447761194,0.5870307167235495,0.6194968553459119,0.6401574803149607,0.6543146610762022,0.669870653850718
RF_202111091922,73,79,0.6289308176100629,0.610062893081761,0.6477987421383647,0.6339869281045751,0.6217948717948717,0.6289308176100629,0.6047244094488189,0.6541747967288998,0.692100787152407
RF_202111091922,74,71,0.660377358490566,0.6289308176100629,0.6918238993710691,0.6711409395973155,0.6493506493506493,0.660377358490566,0.6055118110236221,0.6451407756192594,0.7166646888968
RF_202111091922,75,68,0.6132075471698113,0.559748427672956,0.6666666666666666,0.6267605633802817,0.5913621262458473,0.6132075471698113,0.6259842519685039,0.6587267293349256,0.6684862149440289
RF_202111091922,76,70,0.60062893081761,0.5911949685534591,0.610062893081761,0.6025641025641025,0.5968253968253968,0.60062893081761,0.6149606299212599,0.6568102235296708,0.6613662434239151
RF_202111091922,77,71,0.6383647798742138,0.5849056603773585,0.6918238993710691,0.6549295774647887,0.6179401993355482,0.6383647798742138,0.6141732283464567,0.6567658894227529,0.689885684901705
RF_202111091922,78,76,0.60062893081761,0.6289308176100629,0.5723270440251572,0.5952380952380952,0.6116207951070336,0.60062893081761,0.6141732283464567,0.6577309689693551,0.6667457774613346
RF_202111091922,79,74,0.6194968553459119,0.6540880503144654,0.5849056603773585,0.611764705882353,0.6322188449848025,0.6194968553459119,0.6322834645669292,0.6538551859712433,0.6705826510027293
RF_202111091922,80,76,0.6383647798742138,0.6415094339622641,0.6352201257861635,0.6375,0.6394984326018808,0.6383647798742138,0.6236220472440945,0.6526469555184061,0.6811834974882323
RF_202111091922,81,78,0.5849056603773585,0.5283018867924528,0.6415094339622641,0.5957446808510638,0.56,0.5849056603773585,0.6173228346456693,0.6666882600337279,0.6342707962501484
RF_202111091922,82,75,0.6446540880503144,0.660377358490566,0.6289308176100629,0.6402439024390244,0.6501547987616099,0.6446540880503144,0.6110236220472441,0.6547458213213629,0.6895296863256991
RF_202111091922,83,75,0.5880503144654088,0.5723270440251572,0.6037735849056604,0.5909090909090909,0.5814696485623003,0.5880503144654088,0.6275590551181103,0.6698746603130086,0.6292077053914007
RF_202111091922,84,67,0.6132075471698113,0.5471698113207547,0.6792452830188679,0.6304347826086957,0.5858585858585859,0.6132075471698113,0.621259842519685,0.6591222284313778,0.6751315216961354
RF_202111091922,85,78,0.6132075471698113,0.5786163522012578,0.6477987421383647,0.6216216216216216,0.5993485342019543,0.6132075471698113,0.6251968503937008,0.6547581420446066,0.6711759819627389
RF_202111091922,86,75,0.5943396226415094,0.559748427672956,0.6289308176100629,0.6013513513513513,0.5798045602605862,0.5943396226415094,0.6118110236220472,0.6609790230251514,0.6679719947786875
RF_202111091922,87,66,0.5628930817610063,0.5408805031446541,0.5849056603773585,0.5657894736842105,0.5530546623794212,0.5628930817610063,0.6110236220472441,0.6649288314983566,0.6332028005221313
RF_202111091922,88,74,0.6477987421383647,0.6352201257861635,0.660377358490566,0.6516129032258065,0.6433121019108281,0.6477987421383647,0.6118110236220472,0.640388126564694,0.7149638068114393
RF_202111091922,89,62,0.6226415094339622,0.5911949685534591,0.6540880503144654,0.6308724832214765,0.6103896103896104,0.6226415094339622,0.6181102362204725,0.6608681698311292,0.6640955658399589
RF_202111091922,90,73,0.6194968553459119,0.5974842767295597,0.6415094339622641,0.625,0.6109324758842444,0.6194968553459119,0.6070866141732284,0.6581294403824518,0.6743008583521222
RF_202111091922,91,79,0.5974842767295597,0.5345911949685535,0.660377358490566,0.6115107913669064,0.5704697986577182,0.5974842767295597,0.6362204724409449,0.6624266324580501,0.6471263003836873
RF_202111091922,92,62,0.660377358490566,0.6792452830188679,0.6415094339622641,0.6545454545454545,0.6666666666666666,0.660377358490566,0.6133858267716535,0.6494624072113439,0.7064198409873027
RF_202111091922,93,83,0.6383647798742138,0.6289308176100629,0.6477987421383647,0.6410256410256411,0.634920634920635,0.6383647798742138,0.6228346456692914,0.6565382715528527,0.6913887900003955
RF_202111091922,94,67,0.610062893081761,0.5786163522012578,0.6415094339622641,0.6174496644295302,0.5974025974025975,0.610062893081761,0.6299212598425197,0.6609404921634019,0.6630275701119419
RF_202111091922,95,72,0.6257861635220126,0.5723270440251572,0.6792452830188679,0.6408450704225352,0.6046511627906977,0.6257861635220126,0.6228346456692914,0.6452447375277391,0.6999327558245322
RF_202111091922,96,75,0.60062893081761,0.5786163522012578,0.6226415094339622,0.6052631578947368,0.5916398713826367,0.60062893081761,0.6275590551181103,0.6573819624456185,0.6618013527945887
RF_202111091922,97,70,0.6289308176100629,0.6226415094339622,0.6352201257861635,0.6305732484076433,0.6265822784810127,0.6289308176100629,0.6157480314960629,0.6556650838840289,0.6782168426881847
RF_202111091922,98,66,0.6037735849056604,0.6037735849056604,0.6037735849056604,0.6037735849056604,0.6037735849056604,0.6037735849056604,0.6401574803149607,0.6647686042551907,0.6417467663462679
RF_202111091922,99,73,0.6289308176100629,0.5786163522012578,0.6792452830188679,0.6433566433566433,0.609271523178808,0.6289308176100629,0.6401574803149607,0.6482532182776339,0.6807879435148926
