model,seed/run,n_features_selected,accuracy,accuracy_class1/recall,accuracy_class0,precision,f1_score,balanced_accuracy,oob_accuracy,log_loss_value,roc_auc,fpr,tpr,tprs
RF_202307291215,0,115,0.7075471698113207,0.7672955974842768,0.6477987421383647,0.6853932584269663,0.7240356083086055,0.7075471698113207,0.705511811023622,0.6008676224431337,0.771725801985681,"[0.0, 0.0, 0.0, 0.006289308176100629, 0.006289308176100629, 0.012578616352201259, 0.012578616352201259, 0.025157232704402517, 0.025157232704402517, 0.031446540880503145, 0.031446540880503145, 0.0440251572327044, 0.0440251572327044, 0.050314465408805034, 0.050314465408805034, 0.06918238993710692, 0.06918238993710692, 0.08176100628930817, 0.08176100628930817, 0.0880503144654088, 0.0880503144654088, 0.09433962264150944, 0.09433962264150944, 0.10062893081761007, 0.10062893081761007, 0.1069182389937107, 0.1069182389937107, 0.11320754716981132, 0.11320754716981132, 0.14465408805031446, 0.14465408805031446, 0.1509433962264151, 0.1509433962264151, 0.16352201257861634, 0.16352201257861634, 0.16981132075471697, 0.16981132075471697, 0.18867924528301888, 0.18867924528301888, 0.20125786163522014, 0.20125786163522014, 0.20754716981132076, 0.20754716981132076, 0.2138364779874214, 0.2138364779874214, 0.22641509433962265, 0.22641509433962265, 0.23270440251572327, 0.23270440251572327, 0.24528301886792453, 0.24528301886792453, 0.2578616352201258, 0.2578616352201258, 0.2641509433962264, 0.2641509433962264, 0.27044025157232704, 0.27044025157232704, 0.27672955974842767, 0.27672955974842767, 0.29559748427672955, 0.29559748427672955, 0.31446540880503143, 0.31446540880503143, 0.32075471698113206, 0.32075471698113206, 0.3270440251572327, 0.3270440251572327, 0.3333333333333333, 0.3333333333333333, 0.33962264150943394, 0.33962264150943394, 0.34591194968553457, 0.34591194968553457, 0.3522012578616352, 0.3522012578616352, 0.3584905660377358, 0.3584905660377358, 0.36477987421383645, 0.36477987421383645, 0.3710691823899371, 0.3710691823899371, 0.37735849056603776, 0.37735849056603776, 0.389937106918239, 0.389937106918239, 0.39622641509433965, 0.39622641509433965, 0.4276729559748428, 0.4276729559748428, 0.44654088050314467, 0.44654088050314467, 0.4528301886792453, 0.4528301886792453, 0.46540880503144655, 0.46540880503144655, 0.4779874213836478, 0.4779874213836478, 0.49056603773584906, 0.49056603773584906, 0.5345911949685535, 0.5345911949685535, 0.5471698113207547, 0.5471698113207547, 0.5660377358490566, 0.5660377358490566, 0.5849056603773585, 0.5849056603773585, 0.5911949685534591, 0.5911949685534591, 0.6226415094339622, 0.6226415094339622, 0.7358490566037735, 0.7358490566037735, 0.7421383647798742, 0.7421383647798742, 0.7547169811320755, 0.7547169811320755, 0.8301886792452831, 0.8301886792452831, 0.8867924528301887, 0.8867924528301887, 0.8930817610062893, 0.8930817610062893, 0.9056603773584906, 0.9056603773584906, 1.0]","[0.0, 0.006289308176100629, 0.05660377358490566, 0.05660377358490566, 0.08176100628930817, 0.08176100628930817, 0.13836477987421383, 0.13836477987421383, 0.14465408805031446, 0.14465408805031446, 0.23270440251572327, 0.23270440251572327, 0.2389937106918239, 0.2389937106918239, 0.24528301886792453, 0.24528301886792453, 0.2578616352201258, 0.2578616352201258, 0.3018867924528302, 0.3018867924528302, 0.33962264150943394, 0.33962264150943394, 0.36477987421383645, 0.36477987421383645, 0.3710691823899371, 0.3710691823899371, 0.4276729559748428, 0.4276729559748428, 0.44025157232704404, 0.44025157232704404, 0.44654088050314467, 0.44654088050314467, 0.4528301886792453, 0.4528301886792453, 0.4716981132075472, 0.4716981132075472, 0.4779874213836478, 0.4779874213836478, 0.4968553459119497, 0.4968553459119497, 0.5220125786163522, 0.5220125786163522, 0.5408805031446541, 0.5408805031446541, 0.5471698113207547, 0.5471698113207547, 0.559748427672956, 0.559748427672956, 0.5660377358490566, 0.5660377358490566, 0.5849056603773585, 0.5849056603773585, 0.5911949685534591, 0.5911949685534591, 0.6226415094339622, 0.6226415094339622, 0.6477987421383647, 0.6477987421383647, 0.660377358490566, 0.660377358490566, 0.6792452830188679, 0.6792452830188679, 0.6918238993710691, 0.6918238993710691, 0.6981132075471698, 0.6981132075471698, 0.710691823899371, 0.710691823899371, 0.7169811320754716, 0.7169811320754716, 0.7421383647798742, 0.7421383647798742, 0.7484276729559748, 0.7484276729559748, 0.7672955974842768, 0.7672955974842768, 0.779874213836478, 0.779874213836478, 0.7861635220125787, 0.7861635220125787, 0.7987421383647799, 0.7987421383647799, 0.8301886792452831, 0.8301886792452831, 0.8427672955974843, 0.8427672955974843, 0.8490566037735849, 0.8490566037735849, 0.8616352201257862, 0.8616352201257862, 0.8742138364779874, 0.8742138364779874, 0.8805031446540881, 0.8805031446540881, 0.8867924528301887, 0.8867924528301887, 0.89937106918239, 0.89937106918239, 0.9056603773584906, 0.9056603773584906, 0.9119496855345912, 0.9119496855345912, 0.9245283018867925, 0.9245283018867925, 0.9371069182389937, 0.9371069182389937, 0.9433962264150944, 0.9433962264150944, 0.949685534591195, 0.949685534591195, 0.9559748427672956, 0.9559748427672956, 0.9622641509433962, 0.9622641509433962, 0.9685534591194969, 0.9685534591194969, 0.9748427672955975, 0.9748427672955975, 0.9811320754716981, 0.9811320754716981, 0.9874213836477987, 0.9874213836477987, 0.9937106918238994, 0.9937106918238994, 1.0, 1.0]","[0.05660377 0.08176101 0.13836478 0.14465409 0.2327044  0.24528302
 0.24528302 0.25786164 0.25786164 0.33962264 0.37106918 0.42767296
 0.44025157 0.44025157 0.44025157 0.45283019 0.45283019 0.47798742
 0.47798742 0.49685535 0.52201258 0.5408805  0.54716981 0.55974843
 0.56603774 0.58490566 0.59119497 0.64779874 0.66037736 0.66037736
 0.67924528 0.67924528 0.69811321 0.71698113 0.74213836 0.7672956
 0.77987421 0.79874214 0.83018868 0.8427673  0.8490566  0.8490566
 0.8490566  0.86163522 0.86163522 0.88050314 0.88050314 0.88679245
 0.89937107 0.90566038 0.90566038 0.90566038 0.90566038 0.91194969
 0.91194969 0.9245283  0.9245283  0.93710692 0.94339623 0.94968553
 0.94968553 0.94968553 0.95597484 0.95597484 0.95597484 0.95597484
 0.95597484 0.95597484 0.95597484 0.95597484 0.95597484 0.95597484
 0.95597484 0.96226415 0.96855346 0.97484277 0.97484277 0.97484277
 0.97484277 0.97484277 0.97484277 0.97484277 0.97484277 0.98113208
 0.98113208 0.98113208 0.98113208 0.98113208 0.98742138 0.99371069
 1.         1.         1.         1.         1.         1.
 1.         1.         1.         1.        ]"
RF_202307291215,1,104,0.6949685534591195,0.7610062893081762,0.6289308176100629,0.6722222222222223,0.7138643067846608,0.6949685534591195,0.6897637795275591,0.6150866432907156,0.7555080890787548,"[0.0, 0.0, 0.0, 0.006289308176100629, 0.006289308176100629, 0.012578616352201259, 0.012578616352201259, 0.018867924528301886, 0.018867924528301886, 0.031446540880503145, 0.031446540880503145, 0.03773584905660377, 0.03773584905660377, 0.06289308176100629, 0.06289308176100629, 0.07547169811320754, 0.07547169811320754, 0.09433962264150944, 0.09433962264150944, 0.1069182389937107, 0.1069182389937107, 0.11320754716981132, 0.11320754716981132, 0.11949685534591195, 0.11949685534591195, 0.12578616352201258, 0.12578616352201258, 0.13836477987421383, 0.13836477987421383, 0.1509433962264151, 0.1509433962264151, 0.15723270440251572, 0.15723270440251572, 0.16352201257861634, 0.16352201257861634, 0.16981132075471697, 0.16981132075471697, 0.1761006289308176, 0.1761006289308176, 0.18867924528301888, 0.18867924528301888, 0.1949685534591195, 0.1949685534591195, 0.2138364779874214, 0.2138364779874214, 0.22012578616352202, 0.22012578616352202, 0.22641509433962265, 0.22641509433962265, 0.23270440251572327, 0.23270440251572327, 0.2578616352201258, 0.2578616352201258, 0.2641509433962264, 0.2641509433962264, 0.27672955974842767, 0.27672955974842767, 0.2830188679245283, 0.2830188679245283, 0.2893081761006289, 0.2893081761006289, 0.29559748427672955, 0.29559748427672955, 0.3081761006289308, 0.3081761006289308, 0.31446540880503143, 0.31446540880503143, 0.33962264150943394, 0.33962264150943394, 0.36477987421383645, 0.36477987421383645, 0.3710691823899371, 0.3710691823899371, 0.37735849056603776, 0.37735849056603776, 0.389937106918239, 0.389937106918239, 0.39622641509433965, 0.39622641509433965, 0.4088050314465409, 0.4088050314465409, 0.41509433962264153, 0.41509433962264153, 0.4276729559748428, 0.4276729559748428, 0.4339622641509434, 0.4339622641509434, 0.4591194968553459, 0.4591194968553459, 0.46540880503144655, 0.46540880503144655, 0.4779874213836478, 0.4779874213836478, 0.49056603773584906, 0.49056603773584906, 0.5283018867924528, 0.5283018867924528, 0.5471698113207547, 0.5471698113207547, 0.5534591194968553, 0.5534591194968553, 0.5974842767295597, 0.5974842767295597, 0.6289308176100629, 0.6289308176100629, 0.6666666666666666, 0.6666666666666666, 0.6792452830188679, 0.6792452830188679, 0.7672955974842768, 0.7672955974842768, 0.779874213836478, 0.779874213836478, 0.8301886792452831, 0.8301886792452831, 0.8805031446540881, 0.8805031446540881, 0.89937106918239, 0.89937106918239, 0.9119496855345912, 0.9119496855345912, 1.0]","[0.0, 0.006289308176100629, 0.012578616352201259, 0.012578616352201259, 0.0880503144654088, 0.0880503144654088, 0.13836477987421383, 0.13836477987421383, 0.15723270440251572, 0.15723270440251572, 0.22012578616352202, 0.22012578616352202, 0.23270440251572327, 0.23270440251572327, 0.2389937106918239, 0.2389937106918239, 0.25157232704402516, 0.25157232704402516, 0.27044025157232704, 0.27044025157232704, 0.2830188679245283, 0.2830188679245283, 0.31446540880503143, 0.31446540880503143, 0.3270440251572327, 0.3270440251572327, 0.34591194968553457, 0.34591194968553457, 0.3710691823899371, 0.3710691823899371, 0.3836477987421384, 0.3836477987421384, 0.389937106918239, 0.389937106918239, 0.41509433962264153, 0.41509433962264153, 0.4276729559748428, 0.4276729559748428, 0.4339622641509434, 0.4339622641509434, 0.44025157232704404, 0.44025157232704404, 0.44654088050314467, 0.44654088050314467, 0.4968553459119497, 0.4968553459119497, 0.5157232704402516, 0.5157232704402516, 0.5345911949685535, 0.5345911949685535, 0.559748427672956, 0.559748427672956, 0.5786163522012578, 0.5786163522012578, 0.6352201257861635, 0.6352201257861635, 0.6415094339622641, 0.6415094339622641, 0.6729559748427673, 0.6729559748427673, 0.6918238993710691, 0.6918238993710691, 0.6981132075471698, 0.6981132075471698, 0.7232704402515723, 0.7232704402515723, 0.7358490566037735, 0.7358490566037735, 0.7484276729559748, 0.7484276729559748, 0.7610062893081762, 0.7610062893081762, 0.7735849056603774, 0.7735849056603774, 0.779874213836478, 0.779874213836478, 0.7987421383647799, 0.7987421383647799, 0.8238993710691824, 0.8238993710691824, 0.8301886792452831, 0.8301886792452831, 0.8364779874213837, 0.8364779874213837, 0.8553459119496856, 0.8553459119496856, 0.8616352201257862, 0.8616352201257862, 0.8805031446540881, 0.8805031446540881, 0.8867924528301887, 0.8867924528301887, 0.8930817610062893, 0.8930817610062893, 0.89937106918239, 0.89937106918239, 0.9056603773584906, 0.9056603773584906, 0.9119496855345912, 0.9119496855345912, 0.9182389937106918, 0.9182389937106918, 0.9245283018867925, 0.9245283018867925, 0.9433962264150944, 0.9433962264150944, 0.949685534591195, 0.949685534591195, 0.9559748427672956, 0.9559748427672956, 0.9622641509433962, 0.9622641509433962, 0.9748427672955975, 0.9748427672955975, 0.9811320754716981, 0.9811320754716981, 0.9874213836477987, 0.9874213836477987, 0.9937106918238994, 0.9937106918238994, 1.0, 1.0]","[0.01257862 0.08805031 0.1572327  0.1572327  0.2327044  0.2327044
 0.2327044  0.23899371 0.25157233 0.25157233 0.27044025 0.28301887
 0.32704403 0.34591195 0.37106918 0.3836478  0.38993711 0.42767296
 0.43396226 0.44025157 0.44654088 0.44654088 0.51572327 0.53459119
 0.55974843 0.55974843 0.57861635 0.63522013 0.64150943 0.6918239
 0.69811321 0.72327044 0.73584906 0.73584906 0.74842767 0.74842767
 0.74842767 0.77358491 0.77987421 0.79874214 0.82389937 0.83018868
 0.83647799 0.86163522 0.86163522 0.86163522 0.88050314 0.88679245
 0.89308176 0.89937107 0.89937107 0.89937107 0.89937107 0.90566038
 0.90566038 0.91823899 0.91823899 0.91823899 0.91823899 0.91823899
 0.9245283  0.9245283  0.9245283  0.94339623 0.94339623 0.94339623
 0.94968553 0.94968553 0.95597484 0.95597484 0.95597484 0.95597484
 0.95597484 0.95597484 0.95597484 0.95597484 0.96226415 0.96226415
 0.97484277 0.97484277 0.97484277 0.97484277 0.97484277 0.98113208
 0.98113208 0.98113208 0.98113208 0.98113208 0.98742138 0.98742138
 0.99371069 1.         1.         1.         1.         1.
 1.         1.         1.         1.        ]"
RF_202307291215,2,103,0.6855345911949685,0.7169811320754716,0.6540880503144654,0.6745562130177515,0.6951219512195121,0.6855345911949685,0.7007874015748031,0.6081449008172171,0.7475178988172936,"[0.0, 0.0, 0.0, 0.006289308176100629, 0.006289308176100629, 0.012578616352201259, 0.012578616352201259, 0.018867924528301886, 0.018867924528301886, 0.025157232704402517, 0.025157232704402517, 0.03773584905660377, 0.03773584905660377, 0.0440251572327044, 0.0440251572327044, 0.05660377358490566, 0.05660377358490566, 0.06289308176100629, 0.06289308176100629, 0.06918238993710692, 0.06918238993710692, 0.07547169811320754, 0.07547169811320754, 0.09433962264150944, 0.09433962264150944, 0.1069182389937107, 0.1069182389937107, 0.11320754716981132, 0.11320754716981132, 0.12578616352201258, 0.12578616352201258, 0.1320754716981132, 0.1320754716981132, 0.13836477987421383, 0.13836477987421383, 0.1509433962264151, 0.1509433962264151, 0.16352201257861634, 0.16352201257861634, 0.16981132075471697, 0.16981132075471697, 0.1761006289308176, 0.1761006289308176, 0.18867924528301888, 0.18867924528301888, 0.1949685534591195, 0.1949685534591195, 0.20125786163522014, 0.20125786163522014, 0.22012578616352202, 0.22012578616352202, 0.22641509433962265, 0.22641509433962265, 0.23270440251572327, 0.23270440251572327, 0.2389937106918239, 0.2389937106918239, 0.24528301886792453, 0.24528301886792453, 0.2641509433962264, 0.2641509433962264, 0.27044025157232704, 0.27044025157232704, 0.2830188679245283, 0.2830188679245283, 0.2893081761006289, 0.2893081761006289, 0.29559748427672955, 0.29559748427672955, 0.3018867924528302, 0.3018867924528302, 0.3081761006289308, 0.3081761006289308, 0.32075471698113206, 0.32075471698113206, 0.3270440251572327, 0.3270440251572327, 0.3333333333333333, 0.3333333333333333, 0.34591194968553457, 0.34591194968553457, 0.3522012578616352, 0.3522012578616352, 0.36477987421383645, 0.36477987421383645, 0.3710691823899371, 0.3710691823899371, 0.37735849056603776, 0.37735849056603776, 0.389937106918239, 0.389937106918239, 0.4025157232704403, 0.4025157232704403, 0.41509433962264153, 0.41509433962264153, 0.42138364779874216, 0.42138364779874216, 0.4339622641509434, 0.4339622641509434, 0.44654088050314467, 0.44654088050314467, 0.4528301886792453, 0.4528301886792453, 0.4591194968553459, 0.4591194968553459, 0.46540880503144655, 0.46540880503144655, 0.48427672955974843, 0.48427672955974843, 0.5031446540880503, 0.5031446540880503, 0.5220125786163522, 0.5220125786163522, 0.5283018867924528, 0.5283018867924528, 0.5408805031446541, 0.5408805031446541, 0.5471698113207547, 0.5471698113207547, 0.6163522012578616, 0.6163522012578616, 0.6226415094339622, 0.6226415094339622, 0.7547169811320755, 0.7547169811320755, 0.7672955974842768, 0.7672955974842768, 0.779874213836478, 0.779874213836478, 0.7861635220125787, 0.7861635220125787, 0.8238993710691824, 0.8238993710691824, 0.8616352201257862, 0.8616352201257862, 0.9119496855345912, 0.9119496855345912, 0.9433962264150944, 0.9433962264150944, 0.9874213836477987, 0.9874213836477987, 1.0]","[0.0, 0.006289308176100629, 0.031446540880503145, 0.031446540880503145, 0.050314465408805034, 0.050314465408805034, 0.11949685534591195, 0.11949685534591195, 0.12578616352201258, 0.12578616352201258, 0.1509433962264151, 0.1509433962264151, 0.18238993710691823, 0.18238993710691823, 0.2138364779874214, 0.2138364779874214, 0.23270440251572327, 0.23270440251572327, 0.2389937106918239, 0.2389937106918239, 0.2641509433962264, 0.2641509433962264, 0.2830188679245283, 0.2830188679245283, 0.2893081761006289, 0.2893081761006289, 0.32075471698113206, 0.32075471698113206, 0.3270440251572327, 0.3270440251572327, 0.33962264150943394, 0.33962264150943394, 0.36477987421383645, 0.36477987421383645, 0.3836477987421384, 0.3836477987421384, 0.4025157232704403, 0.4025157232704403, 0.41509433962264153, 0.41509433962264153, 0.4276729559748428, 0.4276729559748428, 0.4716981132075472, 0.4716981132075472, 0.5031446540880503, 0.5031446540880503, 0.5094339622641509, 0.5094339622641509, 0.5157232704402516, 0.5157232704402516, 0.5345911949685535, 0.5345911949685535, 0.559748427672956, 0.559748427672956, 0.5660377358490566, 0.5660377358490566, 0.5911949685534591, 0.5911949685534591, 0.5974842767295597, 0.5974842767295597, 0.6037735849056604, 0.6037735849056604, 0.6163522012578616, 0.6163522012578616, 0.6289308176100629, 0.6289308176100629, 0.6352201257861635, 0.6352201257861635, 0.6415094339622641, 0.6415094339622641, 0.6477987421383647, 0.6477987421383647, 0.6540880503144654, 0.6540880503144654, 0.6855345911949685, 0.6855345911949685, 0.6981132075471698, 0.6981132075471698, 0.7044025157232704, 0.7044025157232704, 0.7169811320754716, 0.7169811320754716, 0.7358490566037735, 0.7358490566037735, 0.7484276729559748, 0.7484276729559748, 0.7672955974842768, 0.7672955974842768, 0.7861635220125787, 0.7861635220125787, 0.7924528301886793, 0.7924528301886793, 0.7987421383647799, 0.7987421383647799, 0.8176100628930818, 0.8176100628930818, 0.8238993710691824, 0.8238993710691824, 0.8301886792452831, 0.8301886792452831, 0.8364779874213837, 0.8364779874213837, 0.8427672955974843, 0.8427672955974843, 0.8553459119496856, 0.8553459119496856, 0.8616352201257862, 0.8616352201257862, 0.8805031446540881, 0.8805031446540881, 0.8867924528301887, 0.8867924528301887, 0.8930817610062893, 0.8930817610062893, 0.89937106918239, 0.89937106918239, 0.9119496855345912, 0.9119496855345912, 0.9182389937106918, 0.9182389937106918, 0.9245283018867925, 0.9245283018867925, 0.9308176100628931, 0.9308176100628931, 0.9371069182389937, 0.9371069182389937, 0.949685534591195, 0.949685534591195, 0.9622641509433962, 0.9622641509433962, 0.9685534591194969, 0.9685534591194969, 0.9748427672955975, 0.9748427672955975, 0.9811320754716981, 0.9811320754716981, 0.9874213836477987, 0.9874213836477987, 0.9937106918238994, 0.9937106918238994, 1.0, 1.0]","[0.03144654 0.05031447 0.12578616 0.1509434  0.18238994 0.21383648
 0.2327044  0.26415094 0.28301887 0.28301887 0.28930818 0.32075472
 0.32704403 0.33962264 0.3836478  0.40251572 0.40251572 0.42767296
 0.47169811 0.50314465 0.51572327 0.51572327 0.53459119 0.55974843
 0.59119497 0.59748428 0.59748428 0.6163522  0.6163522  0.63522013
 0.64779874 0.65408805 0.68553459 0.70440252 0.70440252 0.73584906
 0.73584906 0.7672956  0.78616352 0.79245283 0.79874214 0.79874214
 0.82389937 0.83018868 0.83018868 0.8427673  0.85534591 0.86163522
 0.88050314 0.88050314 0.88679245 0.88679245 0.89308176 0.89937107
 0.91194969 0.91823899 0.91823899 0.91823899 0.91823899 0.91823899
 0.91823899 0.91823899 0.93081761 0.93081761 0.93081761 0.93081761
 0.93081761 0.93081761 0.93081761 0.93081761 0.93081761 0.93081761
 0.93081761 0.93081761 0.93081761 0.93710692 0.94968553 0.94968553
 0.96855346 0.96855346 0.96855346 0.96855346 0.97484277 0.97484277
 0.97484277 0.97484277 0.98113208 0.98113208 0.98113208 0.98113208
 0.98113208 0.98742138 0.98742138 0.98742138 0.99371069 0.99371069
 0.99371069 0.99371069 1.         1.        ]"
RF_202307291215,3,105,0.7075471698113207,0.7735849056603774,0.6415094339622641,0.6833333333333333,0.7256637168141593,0.7075471698113207,0.7070866141732284,0.5974289897748092,0.7829990902258613,"[0.0, 0.0, 0.0, 0.006289308176100629, 0.006289308176100629, 0.012578616352201259, 0.012578616352201259, 0.018867924528301886, 0.018867924528301886, 0.025157232704402517, 0.025157232704402517, 0.031446540880503145, 0.031446540880503145, 0.03773584905660377, 0.03773584905660377, 0.0440251572327044, 0.0440251572327044, 0.050314465408805034, 0.050314465408805034, 0.05660377358490566, 0.05660377358490566, 0.06289308176100629, 0.06289308176100629, 0.06918238993710692, 0.06918238993710692, 0.07547169811320754, 0.07547169811320754, 0.08176100628930817, 0.08176100628930817, 0.1069182389937107, 0.1069182389937107, 0.11320754716981132, 0.11320754716981132, 0.13836477987421383, 0.13836477987421383, 0.14465408805031446, 0.14465408805031446, 0.1509433962264151, 0.1509433962264151, 0.15723270440251572, 0.15723270440251572, 0.16352201257861634, 0.16352201257861634, 0.16981132075471697, 0.16981132075471697, 0.18867924528301888, 0.18867924528301888, 0.1949685534591195, 0.1949685534591195, 0.20125786163522014, 0.20125786163522014, 0.20754716981132076, 0.20754716981132076, 0.2138364779874214, 0.2138364779874214, 0.23270440251572327, 0.23270440251572327, 0.2389937106918239, 0.2389937106918239, 0.24528301886792453, 0.24528301886792453, 0.25157232704402516, 0.25157232704402516, 0.27044025157232704, 0.27044025157232704, 0.27672955974842767, 0.27672955974842767, 0.2830188679245283, 0.2830188679245283, 0.3018867924528302, 0.3018867924528302, 0.3081761006289308, 0.3081761006289308, 0.34591194968553457, 0.34591194968553457, 0.3522012578616352, 0.3522012578616352, 0.3584905660377358, 0.3584905660377358, 0.36477987421383645, 0.36477987421383645, 0.37735849056603776, 0.37735849056603776, 0.3836477987421384, 0.3836477987421384, 0.4025157232704403, 0.4025157232704403, 0.41509433962264153, 0.41509433962264153, 0.44654088050314467, 0.44654088050314467, 0.4528301886792453, 0.4528301886792453, 0.49056603773584906, 0.49056603773584906, 0.5408805031446541, 0.5408805031446541, 0.5471698113207547, 0.5471698113207547, 0.5534591194968553, 0.5534591194968553, 0.559748427672956, 0.559748427672956, 0.5786163522012578, 0.5786163522012578, 0.5849056603773585, 0.5849056603773585, 0.5974842767295597, 0.5974842767295597, 0.6163522012578616, 0.6163522012578616, 0.660377358490566, 0.660377358490566, 0.6666666666666666, 0.6666666666666666, 0.6981132075471698, 0.6981132075471698, 0.710691823899371, 0.710691823899371, 0.7169811320754716, 0.7169811320754716, 0.7421383647798742, 0.7421383647798742, 0.7484276729559748, 0.7484276729559748, 0.8050314465408805, 0.8050314465408805, 0.8742138364779874, 0.8742138364779874, 0.9308176100628931, 0.9308176100628931, 1.0]","[0.0, 0.006289308176100629, 0.0440251572327044, 0.0440251572327044, 0.06289308176100629, 0.06289308176100629, 0.10062893081761007, 0.10062893081761007, 0.11949685534591195, 0.11949685534591195, 0.13836477987421383, 0.13836477987421383, 0.14465408805031446, 0.14465408805031446, 0.25157232704402516, 0.25157232704402516, 0.2893081761006289, 0.2893081761006289, 0.31446540880503143, 0.31446540880503143, 0.3270440251572327, 0.3270440251572327, 0.34591194968553457, 0.34591194968553457, 0.36477987421383645, 0.36477987421383645, 0.42138364779874216, 0.42138364779874216, 0.4339622641509434, 0.4339622641509434, 0.44654088050314467, 0.44654088050314467, 0.4968553459119497, 0.4968553459119497, 0.5094339622641509, 0.5094339622641509, 0.5220125786163522, 0.5220125786163522, 0.5283018867924528, 0.5283018867924528, 0.5345911949685535, 0.5345911949685535, 0.5408805031446541, 0.5408805031446541, 0.5471698113207547, 0.5471698113207547, 0.5534591194968553, 0.5534591194968553, 0.5723270440251572, 0.5723270440251572, 0.5786163522012578, 0.5786163522012578, 0.6477987421383647, 0.6477987421383647, 0.6540880503144654, 0.6540880503144654, 0.6729559748427673, 0.6729559748427673, 0.6792452830188679, 0.6792452830188679, 0.6855345911949685, 0.6855345911949685, 0.6981132075471698, 0.6981132075471698, 0.7044025157232704, 0.7044025157232704, 0.7295597484276729, 0.7295597484276729, 0.7358490566037735, 0.7358490566037735, 0.7484276729559748, 0.7484276729559748, 0.7547169811320755, 0.7547169811320755, 0.7610062893081762, 0.7610062893081762, 0.7672955974842768, 0.7672955974842768, 0.7861635220125787, 0.7861635220125787, 0.7924528301886793, 0.7924528301886793, 0.7987421383647799, 0.7987421383647799, 0.8050314465408805, 0.8050314465408805, 0.8113207547169812, 0.8113207547169812, 0.8238993710691824, 0.8238993710691824, 0.8301886792452831, 0.8301886792452831, 0.8364779874213837, 0.8364779874213837, 0.8553459119496856, 0.8553459119496856, 0.8616352201257862, 0.8616352201257862, 0.8679245283018868, 0.8679245283018868, 0.8805031446540881, 0.8805031446540881, 0.8867924528301887, 0.8867924528301887, 0.89937106918239, 0.89937106918239, 0.9119496855345912, 0.9119496855345912, 0.9182389937106918, 0.9182389937106918, 0.9245283018867925, 0.9245283018867925, 0.9371069182389937, 0.9371069182389937, 0.9433962264150944, 0.9433962264150944, 0.949685534591195, 0.949685534591195, 0.9559748427672956, 0.9559748427672956, 0.9685534591194969, 0.9685534591194969, 0.9748427672955975, 0.9748427672955975, 0.9811320754716981, 0.9811320754716981, 0.9874213836477987, 0.9874213836477987, 0.9937106918238994, 0.9937106918238994, 1.0, 1.0]","[0.04402516 0.06289308 0.11949686 0.13836478 0.25157233 0.31446541
 0.32704403 0.36477987 0.42138365 0.43396226 0.43396226 0.44654088
 0.49685535 0.49685535 0.50943396 0.52830189 0.53459119 0.54716981
 0.54716981 0.55345912 0.57861635 0.64779874 0.65408805 0.65408805
 0.67924528 0.69811321 0.69811321 0.70440252 0.72955975 0.73584906
 0.74842767 0.75471698 0.75471698 0.75471698 0.75471698 0.7672956
 0.78616352 0.79245283 0.80503145 0.80503145 0.81132075 0.81132075
 0.82389937 0.82389937 0.82389937 0.83647799 0.83647799 0.83647799
 0.83647799 0.85534591 0.85534591 0.85534591 0.85534591 0.85534591
 0.86163522 0.88050314 0.88679245 0.88679245 0.91194969 0.91194969
 0.91823899 0.91823899 0.9245283  0.9245283  0.9245283  0.9245283
 0.94339623 0.94339623 0.94339623 0.94339623 0.94968553 0.96855346
 0.96855346 0.96855346 0.97484277 0.98113208 0.98113208 0.98113208
 0.98113208 0.98113208 0.98742138 0.98742138 0.98742138 0.98742138
 0.98742138 0.98742138 0.98742138 0.99371069 0.99371069 0.99371069
 0.99371069 0.99371069 0.99371069 1.         1.         1.
 1.         1.         1.         1.        ]"
RF_202307291215,4,106,0.6823899371069182,0.7421383647798742,0.6226415094339622,0.6629213483146067,0.7002967359050445,0.6823899371069182,0.6937007874015748,0.6149006360288827,0.7393299315691626,"[0.0, 0.006289308176100629, 0.006289308176100629, 0.012578616352201259, 0.012578616352201259, 0.025157232704402517, 0.025157232704402517, 0.031446540880503145, 0.031446540880503145, 0.0440251572327044, 0.0440251572327044, 0.05660377358490566, 0.05660377358490566, 0.06289308176100629, 0.06289308176100629, 0.07547169811320754, 0.07547169811320754, 0.08176100628930817, 0.08176100628930817, 0.09433962264150944, 0.09433962264150944, 0.10062893081761007, 0.10062893081761007, 0.1069182389937107, 0.1069182389937107, 0.11949685534591195, 0.11949685534591195, 0.12578616352201258, 0.12578616352201258, 0.1320754716981132, 0.1320754716981132, 0.15723270440251572, 0.15723270440251572, 0.16352201257861634, 0.16352201257861634, 0.1761006289308176, 0.1761006289308176, 0.18238993710691823, 0.18238993710691823, 0.18867924528301888, 0.18867924528301888, 0.20125786163522014, 0.20125786163522014, 0.20754716981132076, 0.20754716981132076, 0.22641509433962265, 0.22641509433962265, 0.23270440251572327, 0.23270440251572327, 0.25157232704402516, 0.25157232704402516, 0.2641509433962264, 0.2641509433962264, 0.27672955974842767, 0.27672955974842767, 0.2830188679245283, 0.2830188679245283, 0.29559748427672955, 0.29559748427672955, 0.3081761006289308, 0.3081761006289308, 0.31446540880503143, 0.31446540880503143, 0.32075471698113206, 0.32075471698113206, 0.3270440251572327, 0.3270440251572327, 0.3333333333333333, 0.3333333333333333, 0.3522012578616352, 0.3522012578616352, 0.36477987421383645, 0.36477987421383645, 0.3710691823899371, 0.3710691823899371, 0.37735849056603776, 0.37735849056603776, 0.3836477987421384, 0.3836477987421384, 0.4088050314465409, 0.4088050314465409, 0.42138364779874216, 0.42138364779874216, 0.4276729559748428, 0.4276729559748428, 0.4339622641509434, 0.4339622641509434, 0.44025157232704404, 0.44025157232704404, 0.5031446540880503, 0.5031446540880503, 0.5157232704402516, 0.5157232704402516, 0.5283018867924528, 0.5283018867924528, 0.5471698113207547, 0.5471698113207547, 0.5534591194968553, 0.5534591194968553, 0.559748427672956, 0.559748427672956, 0.5723270440251572, 0.5723270440251572, 0.5911949685534591, 0.5911949685534591, 0.5974842767295597, 0.5974842767295597, 0.6226415094339622, 0.6226415094339622, 0.6477987421383647, 0.6477987421383647, 0.660377358490566, 0.660377358490566, 0.6729559748427673, 0.6729559748427673, 0.7295597484276729, 0.7295597484276729, 0.7421383647798742, 0.7421383647798742, 0.8364779874213837, 0.8364779874213837, 0.8427672955974843, 0.8427672955974843, 0.8867924528301887, 0.8867924528301887, 0.9182389937106918, 0.9182389937106918, 0.9245283018867925, 0.9245283018867925, 1.0, 1.0]","[0.0, 0.0, 0.050314465408805034, 0.050314465408805034, 0.06918238993710692, 0.06918238993710692, 0.08176100628930817, 0.08176100628930817, 0.16352201257861634, 0.16352201257861634, 0.22012578616352202, 0.22012578616352202, 0.25157232704402516, 0.25157232704402516, 0.2578616352201258, 0.2578616352201258, 0.2830188679245283, 0.2830188679245283, 0.3081761006289308, 0.3081761006289308, 0.32075471698113206, 0.32075471698113206, 0.3333333333333333, 0.3333333333333333, 0.3522012578616352, 0.3522012578616352, 0.3836477987421384, 0.3836477987421384, 0.4025157232704403, 0.4025157232704403, 0.44025157232704404, 0.44025157232704404, 0.4528301886792453, 0.4528301886792453, 0.49056603773584906, 0.49056603773584906, 0.4968553459119497, 0.4968553459119497, 0.5031446540880503, 0.5031446540880503, 0.5094339622641509, 0.5094339622641509, 0.5471698113207547, 0.5471698113207547, 0.5786163522012578, 0.5786163522012578, 0.5974842767295597, 0.5974842767295597, 0.6226415094339622, 0.6226415094339622, 0.6289308176100629, 0.6289308176100629, 0.6352201257861635, 0.6352201257861635, 0.6415094339622641, 0.6415094339622641, 0.6477987421383647, 0.6477987421383647, 0.660377358490566, 0.660377358490566, 0.6729559748427673, 0.6729559748427673, 0.6792452830188679, 0.6792452830188679, 0.6918238993710691, 0.6918238993710691, 0.6981132075471698, 0.6981132075471698, 0.7044025157232704, 0.7044025157232704, 0.710691823899371, 0.710691823899371, 0.7295597484276729, 0.7295597484276729, 0.7421383647798742, 0.7421383647798742, 0.7484276729559748, 0.7484276729559748, 0.7547169811320755, 0.7547169811320755, 0.7610062893081762, 0.7610062893081762, 0.7672955974842768, 0.7672955974842768, 0.7735849056603774, 0.7735849056603774, 0.7861635220125787, 0.7861635220125787, 0.7924528301886793, 0.7924528301886793, 0.8113207547169812, 0.8113207547169812, 0.8176100628930818, 0.8176100628930818, 0.8238993710691824, 0.8238993710691824, 0.8301886792452831, 0.8301886792452831, 0.8364779874213837, 0.8364779874213837, 0.8427672955974843, 0.8427672955974843, 0.8679245283018868, 0.8679245283018868, 0.8742138364779874, 0.8742138364779874, 0.8805031446540881, 0.8805031446540881, 0.89937106918239, 0.89937106918239, 0.9056603773584906, 0.9056603773584906, 0.9182389937106918, 0.9182389937106918, 0.9433962264150944, 0.9433962264150944, 0.949685534591195, 0.949685534591195, 0.9559748427672956, 0.9559748427672956, 0.9685534591194969, 0.9685534591194969, 0.9748427672955975, 0.9748427672955975, 0.9811320754716981, 0.9811320754716981, 0.9874213836477987, 0.9874213836477987, 0.9937106918238994, 0.9937106918238994, 1.0]","[0.         0.05031447 0.06918239 0.08176101 0.16352201 0.22012579
 0.25157233 0.25786164 0.28301887 0.3081761  0.33333333 0.35220126
 0.3836478  0.40251572 0.44025157 0.44025157 0.45283019 0.49056604
 0.49685535 0.50943396 0.54716981 0.57861635 0.57861635 0.59748428
 0.62264151 0.62893082 0.62893082 0.63522013 0.64150943 0.64779874
 0.66037736 0.67295597 0.6918239  0.70440252 0.70440252 0.71069182
 0.71069182 0.74213836 0.75471698 0.75471698 0.75471698 0.76100629
 0.7672956  0.78616352 0.79245283 0.79245283 0.79245283 0.79245283
 0.79245283 0.79245283 0.81132075 0.81132075 0.81761006 0.82389937
 0.82389937 0.83647799 0.8427673  0.86792453 0.86792453 0.87421384
 0.88050314 0.88050314 0.89937107 0.89937107 0.89937107 0.90566038
 0.91823899 0.94339623 0.94339623 0.94339623 0.94339623 0.94339623
 0.94339623 0.94968553 0.95597484 0.95597484 0.95597484 0.95597484
 0.95597484 0.95597484 0.95597484 0.95597484 0.95597484 0.96855346
 0.97484277 0.97484277 0.97484277 0.97484277 0.98113208 0.98113208
 0.98113208 0.98742138 0.99371069 0.99371069 0.99371069 0.99371069
 0.99371069 0.99371069 0.99371069 1.        ]"
RF_202307291215,5,109,0.6855345911949685,0.7169811320754716,0.6540880503144654,0.6745562130177515,0.6951219512195121,0.6855345911949685,0.7110236220472441,0.6041615044544507,0.7558640876547604,"[0.0, 0.0, 0.0, 0.006289308176100629, 0.006289308176100629, 0.012578616352201259, 0.012578616352201259, 0.018867924528301886, 0.018867924528301886, 0.025157232704402517, 0.025157232704402517, 0.031446540880503145, 0.031446540880503145, 0.03773584905660377, 0.03773584905660377, 0.0440251572327044, 0.0440251572327044, 0.06289308176100629, 0.06289308176100629, 0.06918238993710692, 0.06918238993710692, 0.07547169811320754, 0.07547169811320754, 0.08176100628930817, 0.08176100628930817, 0.0880503144654088, 0.0880503144654088, 0.09433962264150944, 0.09433962264150944, 0.10062893081761007, 0.10062893081761007, 0.11320754716981132, 0.11320754716981132, 0.12578616352201258, 0.12578616352201258, 0.1320754716981132, 0.1320754716981132, 0.14465408805031446, 0.14465408805031446, 0.1509433962264151, 0.1509433962264151, 0.15723270440251572, 0.15723270440251572, 0.16352201257861634, 0.16352201257861634, 0.16981132075471697, 0.16981132075471697, 0.18867924528301888, 0.18867924528301888, 0.23270440251572327, 0.23270440251572327, 0.24528301886792453, 0.24528301886792453, 0.25157232704402516, 0.25157232704402516, 0.27044025157232704, 0.27044025157232704, 0.27672955974842767, 0.27672955974842767, 0.2830188679245283, 0.2830188679245283, 0.2893081761006289, 0.2893081761006289, 0.29559748427672955, 0.29559748427672955, 0.3018867924528302, 0.3018867924528302, 0.3270440251572327, 0.3270440251572327, 0.34591194968553457, 0.34591194968553457, 0.3522012578616352, 0.3522012578616352, 0.3584905660377358, 0.3584905660377358, 0.36477987421383645, 0.36477987421383645, 0.3710691823899371, 0.3710691823899371, 0.389937106918239, 0.389937106918239, 0.39622641509433965, 0.39622641509433965, 0.41509433962264153, 0.41509433962264153, 0.42138364779874216, 0.42138364779874216, 0.4339622641509434, 0.4339622641509434, 0.46540880503144655, 0.46540880503144655, 0.4716981132075472, 0.4716981132075472, 0.48427672955974843, 0.48427672955974843, 0.4968553459119497, 0.4968553459119497, 0.5157232704402516, 0.5157232704402516, 0.6540880503144654, 0.6540880503144654, 0.6666666666666666, 0.6666666666666666, 0.6981132075471698, 0.6981132075471698, 0.7044025157232704, 0.7044025157232704, 0.710691823899371, 0.710691823899371, 0.7421383647798742, 0.7421383647798742, 0.7672955974842768, 0.7672955974842768, 0.7735849056603774, 0.7735849056603774, 0.8050314465408805, 0.8050314465408805, 0.8301886792452831, 0.8301886792452831, 0.8427672955974843, 0.8427672955974843, 0.8490566037735849, 0.8490566037735849, 0.8867924528301887, 0.8867924528301887, 1.0]","[0.0, 0.006289308176100629, 0.06918238993710692, 0.06918238993710692, 0.09433962264150944, 0.09433962264150944, 0.1069182389937107, 0.1069182389937107, 0.1320754716981132, 0.1320754716981132, 0.13836477987421383, 0.13836477987421383, 0.1509433962264151, 0.1509433962264151, 0.18238993710691823, 0.18238993710691823, 0.22012578616352202, 0.22012578616352202, 0.2830188679245283, 0.2830188679245283, 0.3018867924528302, 0.3018867924528302, 0.3270440251572327, 0.3270440251572327, 0.36477987421383645, 0.36477987421383645, 0.37735849056603776, 0.37735849056603776, 0.44025157232704404, 0.44025157232704404, 0.44654088050314467, 0.44654088050314467, 0.4716981132075472, 0.4716981132075472, 0.4779874213836478, 0.4779874213836478, 0.4968553459119497, 0.4968553459119497, 0.5094339622641509, 0.5094339622641509, 0.5157232704402516, 0.5157232704402516, 0.5220125786163522, 0.5220125786163522, 0.5345911949685535, 0.5345911949685535, 0.5471698113207547, 0.5471698113207547, 0.5534591194968553, 0.5534591194968553, 0.559748427672956, 0.559748427672956, 0.5786163522012578, 0.5786163522012578, 0.5849056603773585, 0.5849056603773585, 0.5911949685534591, 0.5911949685534591, 0.5974842767295597, 0.5974842767295597, 0.6037735849056604, 0.6037735849056604, 0.6289308176100629, 0.6289308176100629, 0.6540880503144654, 0.6540880503144654, 0.660377358490566, 0.660377358490566, 0.6918238993710691, 0.6918238993710691, 0.7169811320754716, 0.7169811320754716, 0.7358490566037735, 0.7358490566037735, 0.7484276729559748, 0.7484276729559748, 0.7610062893081762, 0.7610062893081762, 0.7672955974842768, 0.7672955974842768, 0.7735849056603774, 0.7735849056603774, 0.779874213836478, 0.779874213836478, 0.8113207547169812, 0.8113207547169812, 0.8176100628930818, 0.8176100628930818, 0.8490566037735849, 0.8490566037735849, 0.8553459119496856, 0.8553459119496856, 0.8616352201257862, 0.8616352201257862, 0.8679245283018868, 0.8679245283018868, 0.8742138364779874, 0.8742138364779874, 0.8805031446540881, 0.8805031446540881, 0.8867924528301887, 0.8867924528301887, 0.8930817610062893, 0.8930817610062893, 0.89937106918239, 0.89937106918239, 0.9119496855345912, 0.9119496855345912, 0.9245283018867925, 0.9245283018867925, 0.9433962264150944, 0.9433962264150944, 0.9559748427672956, 0.9559748427672956, 0.9622641509433962, 0.9622641509433962, 0.9748427672955975, 0.9748427672955975, 0.9811320754716981, 0.9811320754716981, 0.9874213836477987, 0.9874213836477987, 0.9937106918238994, 0.9937106918238994, 1.0, 1.0]","[0.06918239 0.09433962 0.13207547 0.13836478 0.18238994 0.22012579
 0.22012579 0.30188679 0.32704403 0.37735849 0.44654088 0.44654088
 0.47169811 0.47798742 0.49685535 0.51572327 0.52201258 0.54716981
 0.54716981 0.55345912 0.55345912 0.55345912 0.55345912 0.55345912
 0.55974843 0.58490566 0.58490566 0.59119497 0.59748428 0.62893082
 0.66037736 0.66037736 0.66037736 0.6918239  0.6918239  0.73584906
 0.74842767 0.7672956  0.7672956  0.77358491 0.77987421 0.77987421
 0.81761006 0.8490566  0.8490566  0.8490566  0.8490566  0.86163522
 0.86792453 0.86792453 0.87421384 0.87421384 0.88050314 0.88050314
 0.88050314 0.88050314 0.88050314 0.88050314 0.88050314 0.88050314
 0.88050314 0.88050314 0.88050314 0.88050314 0.88050314 0.88679245
 0.89308176 0.89308176 0.89308176 0.89308176 0.91194969 0.9245283
 0.9245283  0.9245283  0.94339623 0.94339623 0.95597484 0.96226415
 0.96226415 0.96226415 0.97484277 0.97484277 0.97484277 0.98113208
 0.98742138 0.99371069 0.99371069 0.99371069 1.         1.
 1.         1.         1.         1.         1.         1.
 1.         1.         1.         1.        ]"
RF_202307291215,6,105,0.7264150943396226,0.7924528301886793,0.660377358490566,0.7,0.743362831858407,0.7264150943396226,0.6881889763779527,0.6161424908434757,0.7860448558205767,"[0.0, 0.0, 0.0, 0.012578616352201259, 0.012578616352201259, 0.018867924528301886, 0.018867924528301886, 0.025157232704402517, 0.025157232704402517, 0.031446540880503145, 0.031446540880503145, 0.03773584905660377, 0.03773584905660377, 0.0440251572327044, 0.0440251572327044, 0.050314465408805034, 0.050314465408805034, 0.05660377358490566, 0.05660377358490566, 0.06289308176100629, 0.06289308176100629, 0.07547169811320754, 0.07547169811320754, 0.0880503144654088, 0.0880503144654088, 0.09433962264150944, 0.09433962264150944, 0.10062893081761007, 0.10062893081761007, 0.1069182389937107, 0.1069182389937107, 0.11320754716981132, 0.11320754716981132, 0.11949685534591195, 0.11949685534591195, 0.1320754716981132, 0.1320754716981132, 0.14465408805031446, 0.14465408805031446, 0.1509433962264151, 0.1509433962264151, 0.16981132075471697, 0.16981132075471697, 0.18238993710691823, 0.18238993710691823, 0.1949685534591195, 0.1949685534591195, 0.20754716981132076, 0.20754716981132076, 0.22012578616352202, 0.22012578616352202, 0.22641509433962265, 0.22641509433962265, 0.23270440251572327, 0.23270440251572327, 0.2389937106918239, 0.2389937106918239, 0.24528301886792453, 0.24528301886792453, 0.25157232704402516, 0.25157232704402516, 0.27044025157232704, 0.27044025157232704, 0.27672955974842767, 0.27672955974842767, 0.2830188679245283, 0.2830188679245283, 0.2893081761006289, 0.2893081761006289, 0.29559748427672955, 0.29559748427672955, 0.3018867924528302, 0.3018867924528302, 0.32075471698113206, 0.32075471698113206, 0.3333333333333333, 0.3333333333333333, 0.3710691823899371, 0.3710691823899371, 0.389937106918239, 0.389937106918239, 0.39622641509433965, 0.39622641509433965, 0.4025157232704403, 0.4025157232704403, 0.4088050314465409, 0.4088050314465409, 0.4528301886792453, 0.4528301886792453, 0.4716981132075472, 0.4716981132075472, 0.49056603773584906, 0.49056603773584906, 0.5031446540880503, 0.5031446540880503, 0.5094339622641509, 0.5094339622641509, 0.5157232704402516, 0.5157232704402516, 0.5283018867924528, 0.5283018867924528, 0.5345911949685535, 0.5345911949685535, 0.5408805031446541, 0.5408805031446541, 0.5660377358490566, 0.5660377358490566, 0.6037735849056604, 0.6037735849056604, 0.6163522012578616, 0.6163522012578616, 0.6289308176100629, 0.6289308176100629, 0.6981132075471698, 0.6981132075471698, 0.7358490566037735, 0.7358490566037735, 0.8050314465408805, 0.8050314465408805, 0.8616352201257862, 0.8616352201257862, 0.9182389937106918, 0.9182389937106918, 0.9685534591194969, 0.9685534591194969, 1.0]","[0.0, 0.006289308176100629, 0.11949685534591195, 0.11949685534591195, 0.13836477987421383, 0.13836477987421383, 0.16352201257861634, 0.16352201257861634, 0.18238993710691823, 0.18238993710691823, 0.1949685534591195, 0.1949685534591195, 0.2389937106918239, 0.2389937106918239, 0.25157232704402516, 0.25157232704402516, 0.27672955974842767, 0.27672955974842767, 0.2830188679245283, 0.2830188679245283, 0.3018867924528302, 0.3018867924528302, 0.3081761006289308, 0.3081761006289308, 0.32075471698113206, 0.32075471698113206, 0.34591194968553457, 0.34591194968553457, 0.36477987421383645, 0.36477987421383645, 0.4025157232704403, 0.4025157232704403, 0.4088050314465409, 0.4088050314465409, 0.42138364779874216, 0.42138364779874216, 0.44654088050314467, 0.44654088050314467, 0.4779874213836478, 0.4779874213836478, 0.5031446540880503, 0.5031446540880503, 0.5345911949685535, 0.5345911949685535, 0.5408805031446541, 0.5408805031446541, 0.5786163522012578, 0.5786163522012578, 0.5849056603773585, 0.5849056603773585, 0.5911949685534591, 0.5911949685534591, 0.6037735849056604, 0.6037735849056604, 0.6226415094339622, 0.6226415094339622, 0.6289308176100629, 0.6289308176100629, 0.6792452830188679, 0.6792452830188679, 0.6918238993710691, 0.6918238993710691, 0.6981132075471698, 0.6981132075471698, 0.710691823899371, 0.710691823899371, 0.7232704402515723, 0.7232704402515723, 0.7295597484276729, 0.7295597484276729, 0.7547169811320755, 0.7547169811320755, 0.7735849056603774, 0.7735849056603774, 0.779874213836478, 0.779874213836478, 0.7924528301886793, 0.7924528301886793, 0.7987421383647799, 0.7987421383647799, 0.8113207547169812, 0.8113207547169812, 0.8364779874213837, 0.8364779874213837, 0.8553459119496856, 0.8553459119496856, 0.8616352201257862, 0.8616352201257862, 0.8679245283018868, 0.8679245283018868, 0.8742138364779874, 0.8742138364779874, 0.8805031446540881, 0.8805031446540881, 0.8867924528301887, 0.8867924528301887, 0.89937106918239, 0.89937106918239, 0.9056603773584906, 0.9056603773584906, 0.9119496855345912, 0.9119496855345912, 0.9245283018867925, 0.9245283018867925, 0.9308176100628931, 0.9308176100628931, 0.9371069182389937, 0.9371069182389937, 0.949685534591195, 0.949685534591195, 0.9559748427672956, 0.9559748427672956, 0.9622641509433962, 0.9622641509433962, 0.9685534591194969, 0.9685534591194969, 0.9748427672955975, 0.9748427672955975, 0.9811320754716981, 0.9811320754716981, 0.9874213836477987, 0.9874213836477987, 0.9937106918238994, 0.9937106918238994, 1.0, 1.0]","[0.11949686 0.11949686 0.16352201 0.18238994 0.23899371 0.27672956
 0.28301887 0.30188679 0.3081761  0.32075472 0.36477987 0.40251572
 0.42138365 0.42138365 0.44654088 0.50314465 0.50314465 0.53459119
 0.53459119 0.5408805  0.57861635 0.58490566 0.59119497 0.60377358
 0.62893082 0.6918239  0.6918239  0.69811321 0.71069182 0.72955975
 0.77358491 0.77358491 0.77987421 0.79245283 0.79245283 0.79245283
 0.79245283 0.79874214 0.79874214 0.81132075 0.85534591 0.86163522
 0.86163522 0.86163522 0.86163522 0.86792453 0.86792453 0.87421384
 0.87421384 0.88050314 0.88679245 0.89937107 0.90566038 0.9245283
 0.93081761 0.93081761 0.93081761 0.93710692 0.93710692 0.93710692
 0.94968553 0.94968553 0.95597484 0.96226415 0.96226415 0.96226415
 0.96226415 0.96226415 0.96226415 0.96226415 0.96855346 0.96855346
 0.96855346 0.97484277 0.97484277 0.97484277 0.97484277 0.97484277
 0.97484277 0.97484277 0.98113208 0.98113208 0.98113208 0.98113208
 0.98113208 0.98113208 0.98742138 0.98742138 0.98742138 0.98742138
 0.98742138 0.99371069 0.99371069 0.99371069 0.99371069 0.99371069
 1.         1.         1.         1.        ]"
RF_202307291215,7,107,0.7232704402515723,0.7987421383647799,0.6477987421383647,0.6939890710382514,0.7426900584795322,0.7232704402515724,0.6897637795275591,0.5901996398517311,0.7912266128713263,"[0.0, 0.0, 0.0, 0.006289308176100629, 0.006289308176100629, 0.012578616352201259, 0.012578616352201259, 0.025157232704402517, 0.025157232704402517, 0.031446540880503145, 0.031446540880503145, 0.03773584905660377, 0.03773584905660377, 0.0440251572327044, 0.0440251572327044, 0.050314465408805034, 0.050314465408805034, 0.05660377358490566, 0.05660377358490566, 0.06289308176100629, 0.06289308176100629, 0.06918238993710692, 0.06918238993710692, 0.07547169811320754, 0.07547169811320754, 0.08176100628930817, 0.08176100628930817, 0.09433962264150944, 0.09433962264150944, 0.11949685534591195, 0.11949685534591195, 0.12578616352201258, 0.12578616352201258, 0.1320754716981132, 0.1320754716981132, 0.13836477987421383, 0.13836477987421383, 0.14465408805031446, 0.14465408805031446, 0.16352201257861634, 0.16352201257861634, 0.1761006289308176, 0.1761006289308176, 0.1949685534591195, 0.1949685534591195, 0.20125786163522014, 0.20125786163522014, 0.20754716981132076, 0.20754716981132076, 0.22012578616352202, 0.22012578616352202, 0.22641509433962265, 0.22641509433962265, 0.23270440251572327, 0.23270440251572327, 0.2389937106918239, 0.2389937106918239, 0.25157232704402516, 0.25157232704402516, 0.2578616352201258, 0.2578616352201258, 0.2641509433962264, 0.2641509433962264, 0.27044025157232704, 0.27044025157232704, 0.2893081761006289, 0.2893081761006289, 0.29559748427672955, 0.29559748427672955, 0.3270440251572327, 0.3270440251572327, 0.3333333333333333, 0.3333333333333333, 0.33962264150943394, 0.33962264150943394, 0.34591194968553457, 0.34591194968553457, 0.3522012578616352, 0.3522012578616352, 0.3710691823899371, 0.3710691823899371, 0.37735849056603776, 0.37735849056603776, 0.3836477987421384, 0.3836477987421384, 0.39622641509433965, 0.39622641509433965, 0.4025157232704403, 0.4025157232704403, 0.4088050314465409, 0.4088050314465409, 0.41509433962264153, 0.41509433962264153, 0.4339622641509434, 0.4339622641509434, 0.46540880503144655, 0.46540880503144655, 0.4779874213836478, 0.4779874213836478, 0.5471698113207547, 0.5471698113207547, 0.5534591194968553, 0.5534591194968553, 0.5660377358490566, 0.5660377358490566, 0.5911949685534591, 0.5911949685534591, 0.6037735849056604, 0.6037735849056604, 0.610062893081761, 0.610062893081761, 0.6163522012578616, 0.6163522012578616, 0.6855345911949685, 0.6855345911949685, 0.6918238993710691, 0.6918238993710691, 0.710691823899371, 0.710691823899371, 0.7295597484276729, 0.7295597484276729, 0.779874213836478, 0.779874213836478, 0.7987421383647799, 0.7987421383647799, 0.8930817610062893, 0.8930817610062893, 0.89937106918239, 0.89937106918239, 0.9056603773584906, 0.9056603773584906, 0.9371069182389937, 0.9371069182389937, 1.0]","[0.0, 0.006289308176100629, 0.08176100628930817, 0.08176100628930817, 0.0880503144654088, 0.0880503144654088, 0.10062893081761007, 0.10062893081761007, 0.11320754716981132, 0.11320754716981132, 0.1509433962264151, 0.1509433962264151, 0.16981132075471697, 0.16981132075471697, 0.18867924528301888, 0.18867924528301888, 0.20754716981132076, 0.20754716981132076, 0.3018867924528302, 0.3018867924528302, 0.31446540880503143, 0.31446540880503143, 0.3333333333333333, 0.3333333333333333, 0.37735849056603776, 0.37735849056603776, 0.44025157232704404, 0.44025157232704404, 0.5031446540880503, 0.5031446540880503, 0.5283018867924528, 0.5283018867924528, 0.5408805031446541, 0.5408805031446541, 0.5534591194968553, 0.5534591194968553, 0.5660377358490566, 0.5660377358490566, 0.5786163522012578, 0.5786163522012578, 0.5849056603773585, 0.5849056603773585, 0.5911949685534591, 0.5911949685534591, 0.5974842767295597, 0.5974842767295597, 0.6037735849056604, 0.6037735849056604, 0.6226415094339622, 0.6226415094339622, 0.6792452830188679, 0.6792452830188679, 0.6855345911949685, 0.6855345911949685, 0.6918238993710691, 0.6918238993710691, 0.7044025157232704, 0.7044025157232704, 0.710691823899371, 0.710691823899371, 0.7169811320754716, 0.7169811320754716, 0.7232704402515723, 0.7232704402515723, 0.7358490566037735, 0.7358490566037735, 0.7421383647798742, 0.7421383647798742, 0.7484276729559748, 0.7484276729559748, 0.7610062893081762, 0.7610062893081762, 0.7672955974842768, 0.7672955974842768, 0.7861635220125787, 0.7861635220125787, 0.7924528301886793, 0.7924528301886793, 0.7987421383647799, 0.7987421383647799, 0.8050314465408805, 0.8050314465408805, 0.8176100628930818, 0.8176100628930818, 0.8238993710691824, 0.8238993710691824, 0.8301886792452831, 0.8301886792452831, 0.8364779874213837, 0.8364779874213837, 0.8427672955974843, 0.8427672955974843, 0.8553459119496856, 0.8553459119496856, 0.8616352201257862, 0.8616352201257862, 0.8742138364779874, 0.8742138364779874, 0.8805031446540881, 0.8805031446540881, 0.8867924528301887, 0.8867924528301887, 0.9056603773584906, 0.9056603773584906, 0.9119496855345912, 0.9119496855345912, 0.9182389937106918, 0.9182389937106918, 0.9245283018867925, 0.9245283018867925, 0.9308176100628931, 0.9308176100628931, 0.9371069182389937, 0.9371069182389937, 0.9433962264150944, 0.9433962264150944, 0.949685534591195, 0.949685534591195, 0.9559748427672956, 0.9559748427672956, 0.9622641509433962, 0.9622641509433962, 0.9685534591194969, 0.9685534591194969, 0.9748427672955975, 0.9748427672955975, 0.9811320754716981, 0.9811320754716981, 0.9874213836477987, 0.9874213836477987, 0.9937106918238994, 0.9937106918238994, 1.0, 1.0]","[0.08176101 0.08805031 0.10062893 0.11320755 0.16981132 0.20754717
 0.30188679 0.33333333 0.37735849 0.44025157 0.50314465 0.50314465
 0.52830189 0.5408805  0.56603774 0.57861635 0.57861635 0.58490566
 0.59119497 0.59119497 0.60377358 0.62264151 0.67924528 0.68553459
 0.70440252 0.71069182 0.71698113 0.73584906 0.73584906 0.74213836
 0.74842767 0.74842767 0.74842767 0.7672956  0.78616352 0.79874214
 0.79874214 0.80503145 0.82389937 0.82389937 0.83647799 0.8427673
 0.85534591 0.86163522 0.86163522 0.86163522 0.86163522 0.87421384
 0.88050314 0.88050314 0.88050314 0.88050314 0.88050314 0.88050314
 0.88050314 0.90566038 0.90566038 0.91194969 0.91194969 0.91823899
 0.9245283  0.93081761 0.93710692 0.93710692 0.93710692 0.93710692
 0.93710692 0.93710692 0.94339623 0.94968553 0.94968553 0.95597484
 0.95597484 0.96226415 0.96226415 0.96226415 0.96226415 0.96226415
 0.96855346 0.96855346 0.97484277 0.97484277 0.97484277 0.97484277
 0.97484277 0.97484277 0.97484277 0.97484277 0.97484277 0.98113208
 0.99371069 0.99371069 0.99371069 1.         1.         1.
 1.         1.         1.         1.        ]"
RF_202307291215,8,92,0.7044025157232704,0.7295597484276729,0.6792452830188679,0.6946107784431138,0.7116564417177914,0.7044025157232704,0.6952755905511812,0.5991516721049833,0.7839484197618765,"[0.0, 0.0, 0.0, 0.006289308176100629, 0.006289308176100629, 0.012578616352201259, 0.012578616352201259, 0.018867924528301886, 0.018867924528301886, 0.025157232704402517, 0.025157232704402517, 0.031446540880503145, 0.031446540880503145, 0.0440251572327044, 0.0440251572327044, 0.050314465408805034, 0.050314465408805034, 0.06289308176100629, 0.06289308176100629, 0.06918238993710692, 0.06918238993710692, 0.08176100628930817, 0.08176100628930817, 0.0880503144654088, 0.0880503144654088, 0.09433962264150944, 0.09433962264150944, 0.10062893081761007, 0.10062893081761007, 0.11949685534591195, 0.11949685534591195, 0.12578616352201258, 0.12578616352201258, 0.1320754716981132, 0.1320754716981132, 0.14465408805031446, 0.14465408805031446, 0.1509433962264151, 0.1509433962264151, 0.16352201257861634, 0.16352201257861634, 0.16981132075471697, 0.16981132075471697, 0.1761006289308176, 0.1761006289308176, 0.18238993710691823, 0.18238993710691823, 0.1949685534591195, 0.1949685534591195, 0.20125786163522014, 0.20125786163522014, 0.20754716981132076, 0.20754716981132076, 0.2138364779874214, 0.2138364779874214, 0.22012578616352202, 0.22012578616352202, 0.22641509433962265, 0.22641509433962265, 0.2389937106918239, 0.2389937106918239, 0.24528301886792453, 0.24528301886792453, 0.25157232704402516, 0.25157232704402516, 0.2578616352201258, 0.2578616352201258, 0.2830188679245283, 0.2830188679245283, 0.3081761006289308, 0.3081761006289308, 0.3270440251572327, 0.3270440251572327, 0.33962264150943394, 0.33962264150943394, 0.34591194968553457, 0.34591194968553457, 0.3522012578616352, 0.3522012578616352, 0.3710691823899371, 0.3710691823899371, 0.37735849056603776, 0.37735849056603776, 0.389937106918239, 0.389937106918239, 0.42138364779874216, 0.42138364779874216, 0.4339622641509434, 0.4339622641509434, 0.44025157232704404, 0.44025157232704404, 0.44654088050314467, 0.44654088050314467, 0.4528301886792453, 0.4528301886792453, 0.49056603773584906, 0.49056603773584906, 0.4968553459119497, 0.4968553459119497, 0.5031446540880503, 0.5031446540880503, 0.5157232704402516, 0.5157232704402516, 0.5283018867924528, 0.5283018867924528, 0.5345911949685535, 0.5345911949685535, 0.5408805031446541, 0.5408805031446541, 0.5660377358490566, 0.5660377358490566, 0.5723270440251572, 0.5723270440251572, 0.5849056603773585, 0.5849056603773585, 0.6037735849056604, 0.6037735849056604, 0.6163522012578616, 0.6163522012578616, 0.6352201257861635, 0.6352201257861635, 0.6540880503144654, 0.6540880503144654, 0.660377358490566, 0.660377358490566, 0.7169811320754716, 0.7169811320754716, 0.8050314465408805, 0.8050314465408805, 0.8805031446540881, 0.8805031446540881, 0.9937106918238994, 0.9937106918238994, 1.0]","[0.0, 0.006289308176100629, 0.050314465408805034, 0.050314465408805034, 0.16352201257861634, 0.16352201257861634, 0.18238993710691823, 0.18238993710691823, 0.18867924528301888, 0.18867924528301888, 0.1949685534591195, 0.1949685534591195, 0.23270440251572327, 0.23270440251572327, 0.2641509433962264, 0.2641509433962264, 0.2893081761006289, 0.2893081761006289, 0.32075471698113206, 0.32075471698113206, 0.3333333333333333, 0.3333333333333333, 0.33962264150943394, 0.33962264150943394, 0.3522012578616352, 0.3522012578616352, 0.39622641509433965, 0.39622641509433965, 0.4088050314465409, 0.4088050314465409, 0.4339622641509434, 0.4339622641509434, 0.4779874213836478, 0.4779874213836478, 0.48427672955974843, 0.48427672955974843, 0.49056603773584906, 0.49056603773584906, 0.4968553459119497, 0.4968553459119497, 0.5094339622641509, 0.5094339622641509, 0.5157232704402516, 0.5157232704402516, 0.5345911949685535, 0.5345911949685535, 0.5408805031446541, 0.5408805031446541, 0.5660377358490566, 0.5660377358490566, 0.5849056603773585, 0.5849056603773585, 0.6037735849056604, 0.6037735849056604, 0.6163522012578616, 0.6163522012578616, 0.6226415094339622, 0.6226415094339622, 0.6352201257861635, 0.6352201257861635, 0.660377358490566, 0.660377358490566, 0.6792452830188679, 0.6792452830188679, 0.6855345911949685, 0.6855345911949685, 0.6981132075471698, 0.6981132075471698, 0.710691823899371, 0.710691823899371, 0.7295597484276729, 0.7295597484276729, 0.7358490566037735, 0.7358490566037735, 0.7421383647798742, 0.7421383647798742, 0.7484276729559748, 0.7484276729559748, 0.779874213836478, 0.779874213836478, 0.7861635220125787, 0.7861635220125787, 0.7987421383647799, 0.7987421383647799, 0.8113207547169812, 0.8113207547169812, 0.8176100628930818, 0.8176100628930818, 0.8238993710691824, 0.8238993710691824, 0.8364779874213837, 0.8364779874213837, 0.8427672955974843, 0.8427672955974843, 0.8553459119496856, 0.8553459119496856, 0.8679245283018868, 0.8679245283018868, 0.8805031446540881, 0.8805031446540881, 0.8867924528301887, 0.8867924528301887, 0.8930817610062893, 0.8930817610062893, 0.89937106918239, 0.89937106918239, 0.9056603773584906, 0.9056603773584906, 0.9119496855345912, 0.9119496855345912, 0.9182389937106918, 0.9182389937106918, 0.9245283018867925, 0.9245283018867925, 0.9308176100628931, 0.9308176100628931, 0.9371069182389937, 0.9371069182389937, 0.9433962264150944, 0.9433962264150944, 0.9622641509433962, 0.9622641509433962, 0.9685534591194969, 0.9685534591194969, 0.9748427672955975, 0.9748427672955975, 0.9811320754716981, 0.9811320754716981, 0.9874213836477987, 0.9874213836477987, 0.9937106918238994, 0.9937106918238994, 1.0, 1.0]","[0.05031447 0.16352201 0.18867925 0.19496855 0.2327044  0.28930818
 0.28930818 0.33333333 0.33333333 0.35220126 0.40880503 0.40880503
 0.43396226 0.47798742 0.48427673 0.49685535 0.49685535 0.51572327
 0.53459119 0.5408805  0.58490566 0.60377358 0.62264151 0.63522013
 0.66037736 0.68553459 0.69811321 0.69811321 0.69811321 0.71069182
 0.71069182 0.72955975 0.72955975 0.73584906 0.74213836 0.77987421
 0.77987421 0.78616352 0.79874214 0.81132075 0.81132075 0.81132075
 0.81761006 0.82389937 0.83647799 0.85534591 0.85534591 0.85534591
 0.85534591 0.86792453 0.88679245 0.88679245 0.89308176 0.90566038
 0.91194969 0.91194969 0.91194969 0.9245283  0.93081761 0.93081761
 0.93710692 0.93710692 0.94339623 0.96226415 0.96226415 0.96855346
 0.97484277 0.97484277 0.97484277 0.97484277 0.97484277 0.98113208
 0.98113208 0.98113208 0.98113208 0.98113208 0.98113208 0.98113208
 0.98113208 0.98113208 0.98742138 0.98742138 0.98742138 0.98742138
 0.98742138 0.98742138 0.98742138 0.98742138 0.99371069 0.99371069
 0.99371069 0.99371069 0.99371069 0.99371069 0.99371069 0.99371069
 0.99371069 0.99371069 0.99371069 1.        ]"
RF_202307291215,9,103,0.7295597484276729,0.7610062893081762,0.6981132075471698,0.7159763313609467,0.7378048780487806,0.729559748427673,0.6818897637795276,0.6126015479004615,0.7819310944978443,"[0.0, 0.0, 0.0, 0.006289308176100629, 0.006289308176100629, 0.012578616352201259, 0.012578616352201259, 0.018867924528301886, 0.018867924528301886, 0.025157232704402517, 0.025157232704402517, 0.031446540880503145, 0.031446540880503145, 0.03773584905660377, 0.03773584905660377, 0.0440251572327044, 0.0440251572327044, 0.050314465408805034, 0.050314465408805034, 0.05660377358490566, 0.05660377358490566, 0.06289308176100629, 0.06289308176100629, 0.06918238993710692, 0.06918238993710692, 0.07547169811320754, 0.07547169811320754, 0.08176100628930817, 0.08176100628930817, 0.10062893081761007, 0.10062893081761007, 0.1069182389937107, 0.1069182389937107, 0.11320754716981132, 0.11320754716981132, 0.12578616352201258, 0.12578616352201258, 0.13836477987421383, 0.13836477987421383, 0.14465408805031446, 0.14465408805031446, 0.1509433962264151, 0.1509433962264151, 0.15723270440251572, 0.15723270440251572, 0.16981132075471697, 0.16981132075471697, 0.1949685534591195, 0.1949685534591195, 0.20125786163522014, 0.20125786163522014, 0.20754716981132076, 0.20754716981132076, 0.22641509433962265, 0.22641509433962265, 0.23270440251572327, 0.23270440251572327, 0.2389937106918239, 0.2389937106918239, 0.2578616352201258, 0.2578616352201258, 0.2641509433962264, 0.2641509433962264, 0.27044025157232704, 0.27044025157232704, 0.2830188679245283, 0.2830188679245283, 0.2893081761006289, 0.2893081761006289, 0.29559748427672955, 0.29559748427672955, 0.3018867924528302, 0.3018867924528302, 0.31446540880503143, 0.31446540880503143, 0.34591194968553457, 0.34591194968553457, 0.3584905660377358, 0.3584905660377358, 0.3836477987421384, 0.3836477987421384, 0.389937106918239, 0.389937106918239, 0.4025157232704403, 0.4025157232704403, 0.4591194968553459, 0.4591194968553459, 0.49056603773584906, 0.49056603773584906, 0.4968553459119497, 0.4968553459119497, 0.5094339622641509, 0.5094339622641509, 0.5345911949685535, 0.5345911949685535, 0.559748427672956, 0.559748427672956, 0.5660377358490566, 0.5660377358490566, 0.6289308176100629, 0.6289308176100629, 0.6415094339622641, 0.6415094339622641, 0.6729559748427673, 0.6729559748427673, 0.6981132075471698, 0.6981132075471698, 0.710691823899371, 0.710691823899371, 0.7735849056603774, 0.7735849056603774, 0.779874213836478, 0.779874213836478, 0.7861635220125787, 0.7861635220125787, 0.7987421383647799, 0.7987421383647799, 0.8113207547169812, 0.8113207547169812, 0.8301886792452831, 0.8301886792452831, 0.8553459119496856, 0.8553459119496856, 0.89937106918239, 0.89937106918239, 0.9685534591194969, 0.9685534591194969, 1.0]","[0.0, 0.006289308176100629, 0.025157232704402517, 0.025157232704402517, 0.09433962264150944, 0.09433962264150944, 0.1509433962264151, 0.1509433962264151, 0.18867924528301888, 0.18867924528301888, 0.1949685534591195, 0.1949685534591195, 0.23270440251572327, 0.23270440251572327, 0.27672955974842767, 0.27672955974842767, 0.3081761006289308, 0.3081761006289308, 0.31446540880503143, 0.31446540880503143, 0.34591194968553457, 0.34591194968553457, 0.3836477987421384, 0.3836477987421384, 0.39622641509433965, 0.39622641509433965, 0.4088050314465409, 0.4088050314465409, 0.4276729559748428, 0.4276729559748428, 0.4591194968553459, 0.4591194968553459, 0.4716981132075472, 0.4716981132075472, 0.48427672955974843, 0.48427672955974843, 0.5031446540880503, 0.5031446540880503, 0.5157232704402516, 0.5157232704402516, 0.5283018867924528, 0.5283018867924528, 0.5471698113207547, 0.5471698113207547, 0.5786163522012578, 0.5786163522012578, 0.5974842767295597, 0.5974842767295597, 0.6226415094339622, 0.6226415094339622, 0.6289308176100629, 0.6289308176100629, 0.6352201257861635, 0.6352201257861635, 0.6415094339622641, 0.6415094339622641, 0.660377358490566, 0.660377358490566, 0.6792452830188679, 0.6792452830188679, 0.6981132075471698, 0.6981132075471698, 0.710691823899371, 0.710691823899371, 0.7358490566037735, 0.7358490566037735, 0.7421383647798742, 0.7421383647798742, 0.7484276729559748, 0.7484276729559748, 0.7547169811320755, 0.7547169811320755, 0.7672955974842768, 0.7672955974842768, 0.7735849056603774, 0.7735849056603774, 0.7987421383647799, 0.7987421383647799, 0.8050314465408805, 0.8050314465408805, 0.8238993710691824, 0.8238993710691824, 0.8301886792452831, 0.8301886792452831, 0.8364779874213837, 0.8364779874213837, 0.8427672955974843, 0.8427672955974843, 0.8490566037735849, 0.8490566037735849, 0.8553459119496856, 0.8553459119496856, 0.8679245283018868, 0.8679245283018868, 0.8742138364779874, 0.8742138364779874, 0.8805031446540881, 0.8805031446540881, 0.8867924528301887, 0.8867924528301887, 0.8930817610062893, 0.8930817610062893, 0.89937106918239, 0.89937106918239, 0.9056603773584906, 0.9056603773584906, 0.9119496855345912, 0.9119496855345912, 0.9245283018867925, 0.9245283018867925, 0.9308176100628931, 0.9308176100628931, 0.9433962264150944, 0.9433962264150944, 0.949685534591195, 0.949685534591195, 0.9559748427672956, 0.9559748427672956, 0.9685534591194969, 0.9685534591194969, 0.9811320754716981, 0.9811320754716981, 0.9874213836477987, 0.9874213836477987, 0.9937106918238994, 0.9937106918238994, 1.0, 1.0]","[0.02515723 0.09433962 0.18867925 0.19496855 0.27672956 0.31446541
 0.34591195 0.39622642 0.40880503 0.42767296 0.4591195  0.47169811
 0.48427673 0.50314465 0.51572327 0.54716981 0.57861635 0.59748428
 0.59748428 0.59748428 0.62893082 0.63522013 0.63522013 0.64150943
 0.67924528 0.67924528 0.69811321 0.73584906 0.73584906 0.74842767
 0.7672956  0.7672956  0.77358491 0.77358491 0.77358491 0.79874214
 0.80503145 0.80503145 0.82389937 0.83018868 0.83647799 0.83647799
 0.83647799 0.83647799 0.83647799 0.83647799 0.8427673  0.8427673
 0.8427673  0.8490566  0.85534591 0.86792453 0.86792453 0.87421384
 0.87421384 0.87421384 0.88050314 0.88679245 0.88679245 0.88679245
 0.88679245 0.88679245 0.88679245 0.89308176 0.89937107 0.89937107
 0.89937107 0.90566038 0.90566038 0.90566038 0.91194969 0.9245283
 0.9245283  0.9245283  0.9245283  0.9245283  0.9245283  0.93081761
 0.94968553 0.94968553 0.95597484 0.96855346 0.96855346 0.98113208
 0.98113208 0.98742138 0.98742138 0.98742138 0.98742138 0.98742138
 0.99371069 0.99371069 0.99371069 0.99371069 0.99371069 0.99371069
 1.         1.         1.         1.        ]"
RF_202307291215,10,104,0.6981132075471698,0.7232704402515723,0.6729559748427673,0.688622754491018,0.7055214723926381,0.6981132075471698,0.6889763779527559,0.5959466578567136,0.7735849056603774,"[0.0, 0.0, 0.0, 0.012578616352201259, 0.012578616352201259, 0.018867924528301886, 0.018867924528301886, 0.025157232704402517, 0.025157232704402517, 0.031446540880503145, 0.031446540880503145, 0.03773584905660377, 0.03773584905660377, 0.0440251572327044, 0.0440251572327044, 0.050314465408805034, 0.050314465408805034, 0.05660377358490566, 0.05660377358490566, 0.06289308176100629, 0.06289308176100629, 0.07547169811320754, 0.07547169811320754, 0.0880503144654088, 0.0880503144654088, 0.09433962264150944, 0.09433962264150944, 0.10062893081761007, 0.10062893081761007, 0.1069182389937107, 0.1069182389937107, 0.11320754716981132, 0.11320754716981132, 0.11949685534591195, 0.11949685534591195, 0.12578616352201258, 0.12578616352201258, 0.13836477987421383, 0.13836477987421383, 0.14465408805031446, 0.14465408805031446, 0.1509433962264151, 0.1509433962264151, 0.15723270440251572, 0.15723270440251572, 0.16981132075471697, 0.16981132075471697, 0.18867924528301888, 0.18867924528301888, 0.1949685534591195, 0.1949685534591195, 0.2138364779874214, 0.2138364779874214, 0.22012578616352202, 0.22012578616352202, 0.22641509433962265, 0.22641509433962265, 0.2389937106918239, 0.2389937106918239, 0.24528301886792453, 0.24528301886792453, 0.2578616352201258, 0.2578616352201258, 0.2641509433962264, 0.2641509433962264, 0.2830188679245283, 0.2830188679245283, 0.3081761006289308, 0.3081761006289308, 0.31446540880503143, 0.31446540880503143, 0.32075471698113206, 0.32075471698113206, 0.3270440251572327, 0.3270440251572327, 0.33962264150943394, 0.33962264150943394, 0.34591194968553457, 0.34591194968553457, 0.3522012578616352, 0.3522012578616352, 0.36477987421383645, 0.36477987421383645, 0.39622641509433965, 0.39622641509433965, 0.4088050314465409, 0.4088050314465409, 0.41509433962264153, 0.41509433962264153, 0.42138364779874216, 0.42138364779874216, 0.46540880503144655, 0.46540880503144655, 0.49056603773584906, 0.49056603773584906, 0.5157232704402516, 0.5157232704402516, 0.5408805031446541, 0.5408805031446541, 0.559748427672956, 0.559748427672956, 0.5660377358490566, 0.5660377358490566, 0.5723270440251572, 0.5723270440251572, 0.5786163522012578, 0.5786163522012578, 0.5974842767295597, 0.5974842767295597, 0.6037735849056604, 0.6037735849056604, 0.6415094339622641, 0.6415094339622641, 0.6540880503144654, 0.6540880503144654, 0.6792452830188679, 0.6792452830188679, 0.6855345911949685, 0.6855345911949685, 0.7484276729559748, 0.7484276729559748, 0.779874213836478, 0.779874213836478, 0.8113207547169812, 0.8113207547169812, 0.9245283018867925, 0.9245283018867925, 1.0]","[0.0, 0.006289308176100629, 0.10062893081761007, 0.10062893081761007, 0.15723270440251572, 0.15723270440251572, 0.1761006289308176, 0.1761006289308176, 0.20125786163522014, 0.20125786163522014, 0.2641509433962264, 0.2641509433962264, 0.27044025157232704, 0.27044025157232704, 0.27672955974842767, 0.27672955974842767, 0.2893081761006289, 0.2893081761006289, 0.3081761006289308, 0.3081761006289308, 0.31446540880503143, 0.31446540880503143, 0.3270440251572327, 0.3270440251572327, 0.34591194968553457, 0.34591194968553457, 0.36477987421383645, 0.36477987421383645, 0.3710691823899371, 0.3710691823899371, 0.3836477987421384, 0.3836477987421384, 0.39622641509433965, 0.39622641509433965, 0.44025157232704404, 0.44025157232704404, 0.4528301886792453, 0.4528301886792453, 0.46540880503144655, 0.46540880503144655, 0.48427672955974843, 0.48427672955974843, 0.5031446540880503, 0.5031446540880503, 0.5094339622641509, 0.5094339622641509, 0.5283018867924528, 0.5283018867924528, 0.5345911949685535, 0.5345911949685535, 0.5471698113207547, 0.5471698113207547, 0.5786163522012578, 0.5786163522012578, 0.5911949685534591, 0.5911949685534591, 0.6289308176100629, 0.6289308176100629, 0.6352201257861635, 0.6352201257861635, 0.6415094339622641, 0.6415094339622641, 0.6666666666666666, 0.6666666666666666, 0.6729559748427673, 0.6729559748427673, 0.6792452830188679, 0.6792452830188679, 0.6855345911949685, 0.6855345911949685, 0.6981132075471698, 0.6981132075471698, 0.7169811320754716, 0.7169811320754716, 0.7232704402515723, 0.7232704402515723, 0.7295597484276729, 0.7295597484276729, 0.7421383647798742, 0.7421383647798742, 0.7610062893081762, 0.7610062893081762, 0.779874213836478, 0.779874213836478, 0.7861635220125787, 0.7861635220125787, 0.7924528301886793, 0.7924528301886793, 0.8238993710691824, 0.8238993710691824, 0.8301886792452831, 0.8301886792452831, 0.8427672955974843, 0.8427672955974843, 0.8490566037735849, 0.8490566037735849, 0.8553459119496856, 0.8553459119496856, 0.8679245283018868, 0.8679245283018868, 0.8742138364779874, 0.8742138364779874, 0.8930817610062893, 0.8930817610062893, 0.9119496855345912, 0.9119496855345912, 0.9182389937106918, 0.9182389937106918, 0.9308176100628931, 0.9308176100628931, 0.9371069182389937, 0.9371069182389937, 0.949685534591195, 0.949685534591195, 0.9559748427672956, 0.9559748427672956, 0.9622641509433962, 0.9622641509433962, 0.9748427672955975, 0.9748427672955975, 0.9811320754716981, 0.9811320754716981, 0.9874213836477987, 0.9874213836477987, 0.9937106918238994, 0.9937106918238994, 1.0, 1.0]","[0.10062893 0.10062893 0.17610063 0.20125786 0.27044025 0.28930818
 0.3081761  0.31446541 0.32704403 0.34591195 0.37106918 0.3836478
 0.44025157 0.45283019 0.46540881 0.50314465 0.50943396 0.52830189
 0.52830189 0.53459119 0.54716981 0.54716981 0.59119497 0.62893082
 0.63522013 0.64150943 0.66666667 0.67295597 0.67295597 0.67924528
 0.67924528 0.68553459 0.71698113 0.72327044 0.72955975 0.76100629
 0.76100629 0.77987421 0.77987421 0.77987421 0.78616352 0.79245283
 0.83018868 0.83018868 0.83018868 0.83018868 0.83018868 0.8427673
 0.8427673  0.8490566  0.8490566  0.8490566  0.85534591 0.85534591
 0.86792453 0.86792453 0.87421384 0.91194969 0.91823899 0.91823899
 0.93710692 0.93710692 0.93710692 0.93710692 0.94968553 0.95597484
 0.95597484 0.95597484 0.97484277 0.97484277 0.97484277 0.97484277
 0.97484277 0.97484277 0.97484277 0.98113208 0.98113208 0.98113208
 0.98742138 0.98742138 0.98742138 0.99371069 0.99371069 0.99371069
 0.99371069 0.99371069 0.99371069 0.99371069 0.99371069 0.99371069
 0.99371069 0.99371069 1.         1.         1.         1.
 1.         1.         1.         1.        ]"
RF_202307291215,11,101,0.6918238993710691,0.7169811320754716,0.6666666666666666,0.6826347305389222,0.6993865030674846,0.6918238993710691,0.6748031496062992,0.6192176061074172,0.7521854357027016,"[0.0, 0.0, 0.006289308176100629, 0.006289308176100629, 0.018867924528301886, 0.018867924528301886, 0.025157232704402517, 0.025157232704402517, 0.03773584905660377, 0.03773584905660377, 0.05660377358490566, 0.05660377358490566, 0.06289308176100629, 0.06289308176100629, 0.08176100628930817, 0.08176100628930817, 0.09433962264150944, 0.09433962264150944, 0.1069182389937107, 0.1069182389937107, 0.11949685534591195, 0.11949685534591195, 0.1320754716981132, 0.1320754716981132, 0.13836477987421383, 0.13836477987421383, 0.14465408805031446, 0.14465408805031446, 0.1509433962264151, 0.1509433962264151, 0.16352201257861634, 0.16352201257861634, 0.16981132075471697, 0.16981132075471697, 0.1761006289308176, 0.1761006289308176, 0.18238993710691823, 0.18238993710691823, 0.1949685534591195, 0.1949685534591195, 0.20754716981132076, 0.20754716981132076, 0.2138364779874214, 0.2138364779874214, 0.22012578616352202, 0.22012578616352202, 0.22641509433962265, 0.22641509433962265, 0.2389937106918239, 0.2389937106918239, 0.25157232704402516, 0.25157232704402516, 0.2578616352201258, 0.2578616352201258, 0.2641509433962264, 0.2641509433962264, 0.27672955974842767, 0.27672955974842767, 0.2893081761006289, 0.2893081761006289, 0.29559748427672955, 0.29559748427672955, 0.3018867924528302, 0.3018867924528302, 0.32075471698113206, 0.32075471698113206, 0.3270440251572327, 0.3270440251572327, 0.3333333333333333, 0.3333333333333333, 0.33962264150943394, 0.33962264150943394, 0.34591194968553457, 0.34591194968553457, 0.3584905660377358, 0.3584905660377358, 0.3710691823899371, 0.3710691823899371, 0.37735849056603776, 0.37735849056603776, 0.389937106918239, 0.389937106918239, 0.39622641509433965, 0.39622641509433965, 0.41509433962264153, 0.41509433962264153, 0.4276729559748428, 0.4276729559748428, 0.4528301886792453, 0.4528301886792453, 0.4591194968553459, 0.4591194968553459, 0.4779874213836478, 0.4779874213836478, 0.48427672955974843, 0.48427672955974843, 0.5031446540880503, 0.5031446540880503, 0.5220125786163522, 0.5220125786163522, 0.5723270440251572, 0.5723270440251572, 0.5911949685534591, 0.5911949685534591, 0.6163522012578616, 0.6163522012578616, 0.6352201257861635, 0.6352201257861635, 0.660377358490566, 0.660377358490566, 0.6666666666666666, 0.6666666666666666, 0.6981132075471698, 0.6981132075471698, 0.710691823899371, 0.710691823899371, 0.7672955974842768, 0.7672955974842768, 0.7735849056603774, 0.7735849056603774, 0.7861635220125787, 0.7861635220125787, 0.8490566037735849, 0.8490566037735849, 0.8679245283018868, 0.8679245283018868, 0.8742138364779874, 0.8742138364779874, 1.0]","[0.0, 0.006289308176100629, 0.006289308176100629, 0.07547169811320754, 0.07547169811320754, 0.2138364779874214, 0.2138364779874214, 0.22012578616352202, 0.22012578616352202, 0.25157232704402516, 0.25157232704402516, 0.2578616352201258, 0.2578616352201258, 0.2641509433962264, 0.2641509433962264, 0.27044025157232704, 0.27044025157232704, 0.27672955974842767, 0.27672955974842767, 0.2893081761006289, 0.2893081761006289, 0.32075471698113206, 0.32075471698113206, 0.33962264150943394, 0.33962264150943394, 0.3584905660377358, 0.3584905660377358, 0.3710691823899371, 0.3710691823899371, 0.37735849056603776, 0.37735849056603776, 0.39622641509433965, 0.39622641509433965, 0.4025157232704403, 0.4025157232704403, 0.44025157232704404, 0.44025157232704404, 0.46540880503144655, 0.46540880503144655, 0.4716981132075472, 0.4716981132075472, 0.48427672955974843, 0.48427672955974843, 0.49056603773584906, 0.49056603773584906, 0.5094339622641509, 0.5094339622641509, 0.5157232704402516, 0.5157232704402516, 0.5345911949685535, 0.5345911949685535, 0.5534591194968553, 0.5534591194968553, 0.5723270440251572, 0.5723270440251572, 0.5786163522012578, 0.5786163522012578, 0.6163522012578616, 0.6163522012578616, 0.6352201257861635, 0.6352201257861635, 0.6415094339622641, 0.6415094339622641, 0.6729559748427673, 0.6729559748427673, 0.6792452830188679, 0.6792452830188679, 0.7044025157232704, 0.7044025157232704, 0.7358490566037735, 0.7358490566037735, 0.7672955974842768, 0.7672955974842768, 0.7861635220125787, 0.7861635220125787, 0.8113207547169812, 0.8113207547169812, 0.8238993710691824, 0.8238993710691824, 0.8301886792452831, 0.8301886792452831, 0.8364779874213837, 0.8364779874213837, 0.8427672955974843, 0.8427672955974843, 0.8490566037735849, 0.8490566037735849, 0.8553459119496856, 0.8553459119496856, 0.8616352201257862, 0.8616352201257862, 0.8679245283018868, 0.8679245283018868, 0.8742138364779874, 0.8742138364779874, 0.8805031446540881, 0.8805031446540881, 0.8867924528301887, 0.8867924528301887, 0.89937106918239, 0.89937106918239, 0.9056603773584906, 0.9056603773584906, 0.9119496855345912, 0.9119496855345912, 0.9182389937106918, 0.9182389937106918, 0.9245283018867925, 0.9245283018867925, 0.9308176100628931, 0.9308176100628931, 0.9371069182389937, 0.9371069182389937, 0.9433962264150944, 0.9433962264150944, 0.949685534591195, 0.949685534591195, 0.9559748427672956, 0.9559748427672956, 0.9685534591194969, 0.9685534591194969, 0.9748427672955975, 0.9748427672955975, 0.9811320754716981, 0.9811320754716981, 0.9937106918238994, 0.9937106918238994, 1.0, 1.0]","[0.00628931 0.0754717  0.21383648 0.22012579 0.25157233 0.25157233
 0.25786164 0.26415094 0.26415094 0.27044025 0.27672956 0.28930818
 0.32075472 0.32075472 0.35849057 0.37735849 0.37735849 0.40251572
 0.44025157 0.46540881 0.47169811 0.48427673 0.50943396 0.51572327
 0.53459119 0.55345912 0.57232704 0.57861635 0.6163522  0.63522013
 0.67295597 0.67295597 0.67924528 0.73584906 0.7672956  0.78616352
 0.81132075 0.82389937 0.83018868 0.83647799 0.8427673  0.8427673
 0.8490566  0.85534591 0.85534591 0.86163522 0.86792453 0.86792453
 0.88050314 0.88050314 0.88679245 0.88679245 0.89937107 0.89937107
 0.89937107 0.89937107 0.89937107 0.90566038 0.90566038 0.91194969
 0.91194969 0.91194969 0.91823899 0.9245283  0.9245283  0.9245283
 0.93710692 0.93710692 0.93710692 0.93710692 0.94339623 0.94968553
 0.94968553 0.94968553 0.94968553 0.94968553 0.95597484 0.96855346
 0.97484277 0.97484277 0.97484277 0.97484277 0.97484277 0.97484277
 0.97484277 0.98113208 0.99371069 1.         1.         1.
 1.         1.         1.         1.         1.         1.
 1.         1.         1.         1.        ]"
RF_202307291215,12,96,0.6949685534591195,0.7421383647798742,0.6477987421383647,0.6781609195402298,0.7087087087087087,0.6949685534591195,0.6968503937007874,0.6017040664246827,0.7640124995055576,"[0.0, 0.0, 0.0, 0.006289308176100629, 0.006289308176100629, 0.012578616352201259, 0.012578616352201259, 0.018867924528301886, 0.018867924528301886, 0.025157232704402517, 0.025157232704402517, 0.031446540880503145, 0.031446540880503145, 0.03773584905660377, 0.03773584905660377, 0.0440251572327044, 0.0440251572327044, 0.05660377358490566, 0.05660377358490566, 0.06289308176100629, 0.06289308176100629, 0.06918238993710692, 0.06918238993710692, 0.07547169811320754, 0.07547169811320754, 0.08176100628930817, 0.08176100628930817, 0.10062893081761007, 0.10062893081761007, 0.1069182389937107, 0.1069182389937107, 0.11320754716981132, 0.11320754716981132, 0.11949685534591195, 0.11949685534591195, 0.1320754716981132, 0.1320754716981132, 0.13836477987421383, 0.13836477987421383, 0.15723270440251572, 0.15723270440251572, 0.16352201257861634, 0.16352201257861634, 0.18238993710691823, 0.18238993710691823, 0.18867924528301888, 0.18867924528301888, 0.1949685534591195, 0.1949685534591195, 0.20125786163522014, 0.20125786163522014, 0.22012578616352202, 0.22012578616352202, 0.22641509433962265, 0.22641509433962265, 0.2389937106918239, 0.2389937106918239, 0.24528301886792453, 0.24528301886792453, 0.25157232704402516, 0.25157232704402516, 0.27044025157232704, 0.27044025157232704, 0.27672955974842767, 0.27672955974842767, 0.29559748427672955, 0.29559748427672955, 0.3018867924528302, 0.3018867924528302, 0.3081761006289308, 0.3081761006289308, 0.31446540880503143, 0.31446540880503143, 0.3270440251572327, 0.3270440251572327, 0.3333333333333333, 0.3333333333333333, 0.33962264150943394, 0.33962264150943394, 0.3584905660377358, 0.3584905660377358, 0.37735849056603776, 0.37735849056603776, 0.39622641509433965, 0.39622641509433965, 0.4088050314465409, 0.4088050314465409, 0.41509433962264153, 0.41509433962264153, 0.42138364779874216, 0.42138364779874216, 0.4276729559748428, 0.4276729559748428, 0.44025157232704404, 0.44025157232704404, 0.44654088050314467, 0.44654088050314467, 0.4591194968553459, 0.4591194968553459, 0.46540880503144655, 0.46540880503144655, 0.4716981132075472, 0.4716981132075472, 0.4779874213836478, 0.4779874213836478, 0.49056603773584906, 0.49056603773584906, 0.5157232704402516, 0.5157232704402516, 0.5534591194968553, 0.5534591194968553, 0.559748427672956, 0.559748427672956, 0.5974842767295597, 0.5974842767295597, 0.6163522012578616, 0.6163522012578616, 0.6540880503144654, 0.6540880503144654, 0.7484276729559748, 0.7484276729559748, 0.779874213836478, 0.779874213836478, 0.7861635220125787, 0.7861635220125787, 0.7924528301886793, 0.7924528301886793, 0.8364779874213837, 0.8364779874213837, 0.8616352201257862, 0.8616352201257862, 1.0]","[0.0, 0.006289308176100629, 0.018867924528301886, 0.018867924528301886, 0.050314465408805034, 0.050314465408805034, 0.11320754716981132, 0.11320754716981132, 0.1761006289308176, 0.1761006289308176, 0.22641509433962265, 0.22641509433962265, 0.2389937106918239, 0.2389937106918239, 0.2641509433962264, 0.2641509433962264, 0.2830188679245283, 0.2830188679245283, 0.2893081761006289, 0.2893081761006289, 0.3270440251572327, 0.3270440251572327, 0.33962264150943394, 0.33962264150943394, 0.34591194968553457, 0.34591194968553457, 0.36477987421383645, 0.36477987421383645, 0.3836477987421384, 0.3836477987421384, 0.389937106918239, 0.389937106918239, 0.39622641509433965, 0.39622641509433965, 0.4025157232704403, 0.4025157232704403, 0.4088050314465409, 0.4088050314465409, 0.41509433962264153, 0.41509433962264153, 0.4276729559748428, 0.4276729559748428, 0.4339622641509434, 0.4339622641509434, 0.44025157232704404, 0.44025157232704404, 0.46540880503144655, 0.46540880503144655, 0.4716981132075472, 0.4716981132075472, 0.5094339622641509, 0.5094339622641509, 0.5283018867924528, 0.5283018867924528, 0.5345911949685535, 0.5345911949685535, 0.5408805031446541, 0.5408805031446541, 0.5471698113207547, 0.5471698113207547, 0.5660377358490566, 0.5660377358490566, 0.5723270440251572, 0.5723270440251572, 0.5911949685534591, 0.5911949685534591, 0.6037735849056604, 0.6037735849056604, 0.6352201257861635, 0.6352201257861635, 0.6855345911949685, 0.6855345911949685, 0.6918238993710691, 0.6918238993710691, 0.7295597484276729, 0.7295597484276729, 0.7358490566037735, 0.7358490566037735, 0.7421383647798742, 0.7421383647798742, 0.7484276729559748, 0.7484276729559748, 0.7672955974842768, 0.7672955974842768, 0.7735849056603774, 0.7735849056603774, 0.779874213836478, 0.779874213836478, 0.7924528301886793, 0.7924528301886793, 0.8238993710691824, 0.8238993710691824, 0.8490566037735849, 0.8490566037735849, 0.8616352201257862, 0.8616352201257862, 0.8742138364779874, 0.8742138364779874, 0.8805031446540881, 0.8805031446540881, 0.8867924528301887, 0.8867924528301887, 0.8930817610062893, 0.8930817610062893, 0.89937106918239, 0.89937106918239, 0.9119496855345912, 0.9119496855345912, 0.9182389937106918, 0.9182389937106918, 0.9245283018867925, 0.9245283018867925, 0.9308176100628931, 0.9308176100628931, 0.9433962264150944, 0.9433962264150944, 0.949685534591195, 0.949685534591195, 0.9559748427672956, 0.9559748427672956, 0.9622641509433962, 0.9622641509433962, 0.9685534591194969, 0.9685534591194969, 0.9748427672955975, 0.9748427672955975, 0.9874213836477987, 0.9874213836477987, 0.9937106918238994, 0.9937106918238994, 1.0, 1.0]","[0.01886792 0.05031447 0.17610063 0.22641509 0.26415094 0.28301887
 0.28930818 0.33962264 0.34591195 0.36477987 0.3836478  0.38993711
 0.40251572 0.40251572 0.41509434 0.41509434 0.42767296 0.43396226
 0.43396226 0.46540881 0.50943396 0.50943396 0.52830189 0.53459119
 0.5408805  0.56603774 0.56603774 0.57232704 0.59119497 0.59119497
 0.63522013 0.68553459 0.6918239  0.73584906 0.74213836 0.74213836
 0.74842767 0.74842767 0.7672956  0.7672956  0.77358491 0.77987421
 0.82389937 0.8490566  0.86163522 0.87421384 0.88050314 0.89308176
 0.89937107 0.91194969 0.91194969 0.91194969 0.91823899 0.91823899
 0.91823899 0.9245283  0.93081761 0.93081761 0.93081761 0.93081761
 0.94339623 0.94339623 0.94968553 0.94968553 0.94968553 0.95597484
 0.95597484 0.95597484 0.95597484 0.95597484 0.95597484 0.95597484
 0.95597484 0.95597484 0.95597484 0.96226415 0.96226415 0.96226415
 0.97484277 0.98742138 0.98742138 0.98742138 0.98742138 0.99371069
 0.99371069 0.99371069 1.         1.         1.         1.
 1.         1.         1.         1.         1.         1.
 1.         1.         1.         1.        ]"
RF_202307291215,13,105,0.7044025157232704,0.779874213836478,0.6289308176100629,0.6775956284153005,0.7251461988304093,0.7044025157232705,0.6992125984251969,0.6026230239313864,0.7633005023535461,"[0.0, 0.0, 0.0, 0.006289308176100629, 0.006289308176100629, 0.012578616352201259, 0.012578616352201259, 0.018867924528301886, 0.018867924528301886, 0.025157232704402517, 0.025157232704402517, 0.0440251572327044, 0.0440251572327044, 0.050314465408805034, 0.050314465408805034, 0.05660377358490566, 0.05660377358490566, 0.08176100628930817, 0.08176100628930817, 0.0880503144654088, 0.0880503144654088, 0.09433962264150944, 0.09433962264150944, 0.1069182389937107, 0.1069182389937107, 0.11320754716981132, 0.11320754716981132, 0.1320754716981132, 0.1320754716981132, 0.14465408805031446, 0.14465408805031446, 0.15723270440251572, 0.15723270440251572, 0.16352201257861634, 0.16352201257861634, 0.16981132075471697, 0.16981132075471697, 0.1761006289308176, 0.1761006289308176, 0.1949685534591195, 0.1949685534591195, 0.20125786163522014, 0.20125786163522014, 0.22012578616352202, 0.22012578616352202, 0.22641509433962265, 0.22641509433962265, 0.23270440251572327, 0.23270440251572327, 0.24528301886792453, 0.24528301886792453, 0.2641509433962264, 0.2641509433962264, 0.27044025157232704, 0.27044025157232704, 0.27672955974842767, 0.27672955974842767, 0.2830188679245283, 0.2830188679245283, 0.29559748427672955, 0.29559748427672955, 0.3018867924528302, 0.3018867924528302, 0.31446540880503143, 0.31446540880503143, 0.3333333333333333, 0.3333333333333333, 0.34591194968553457, 0.34591194968553457, 0.36477987421383645, 0.36477987421383645, 0.3710691823899371, 0.3710691823899371, 0.37735849056603776, 0.37735849056603776, 0.3836477987421384, 0.3836477987421384, 0.389937106918239, 0.389937106918239, 0.4025157232704403, 0.4025157232704403, 0.4276729559748428, 0.4276729559748428, 0.4339622641509434, 0.4339622641509434, 0.46540880503144655, 0.46540880503144655, 0.49056603773584906, 0.49056603773584906, 0.5471698113207547, 0.5471698113207547, 0.5660377358490566, 0.5660377358490566, 0.5849056603773585, 0.5849056603773585, 0.6163522012578616, 0.6163522012578616, 0.6415094339622641, 0.6415094339622641, 0.6540880503144654, 0.6540880503144654, 0.660377358490566, 0.660377358490566, 0.6792452830188679, 0.6792452830188679, 0.710691823899371, 0.710691823899371, 0.7295597484276729, 0.7295597484276729, 0.7547169811320755, 0.7547169811320755, 0.7610062893081762, 0.7610062893081762, 0.7672955974842768, 0.7672955974842768, 0.7735849056603774, 0.7735849056603774, 0.8176100628930818, 0.8176100628930818, 0.8427672955974843, 0.8427672955974843, 0.9748427672955975, 0.9748427672955975, 1.0]","[0.0, 0.006289308176100629, 0.05660377358490566, 0.05660377358490566, 0.0880503144654088, 0.0880503144654088, 0.10062893081761007, 0.10062893081761007, 0.13836477987421383, 0.13836477987421383, 0.1761006289308176, 0.1761006289308176, 0.1949685534591195, 0.1949685534591195, 0.20125786163522014, 0.20125786163522014, 0.2389937106918239, 0.2389937106918239, 0.25157232704402516, 0.25157232704402516, 0.3522012578616352, 0.3522012578616352, 0.3836477987421384, 0.3836477987421384, 0.4025157232704403, 0.4025157232704403, 0.42138364779874216, 0.42138364779874216, 0.4276729559748428, 0.4276729559748428, 0.4339622641509434, 0.4339622641509434, 0.46540880503144655, 0.46540880503144655, 0.5031446540880503, 0.5031446540880503, 0.5094339622641509, 0.5094339622641509, 0.5220125786163522, 0.5220125786163522, 0.5534591194968553, 0.5534591194968553, 0.5723270440251572, 0.5723270440251572, 0.5786163522012578, 0.5786163522012578, 0.5849056603773585, 0.5849056603773585, 0.6163522012578616, 0.6163522012578616, 0.6226415094339622, 0.6226415094339622, 0.6415094339622641, 0.6415094339622641, 0.6666666666666666, 0.6666666666666666, 0.6918238993710691, 0.6918238993710691, 0.6981132075471698, 0.6981132075471698, 0.7169811320754716, 0.7169811320754716, 0.7295597484276729, 0.7295597484276729, 0.7358490566037735, 0.7358490566037735, 0.7421383647798742, 0.7421383647798742, 0.7672955974842768, 0.7672955974842768, 0.7735849056603774, 0.7735849056603774, 0.779874213836478, 0.779874213836478, 0.7924528301886793, 0.7924528301886793, 0.7987421383647799, 0.7987421383647799, 0.8238993710691824, 0.8238993710691824, 0.8364779874213837, 0.8364779874213837, 0.8427672955974843, 0.8427672955974843, 0.8490566037735849, 0.8490566037735849, 0.8553459119496856, 0.8553459119496856, 0.8616352201257862, 0.8616352201257862, 0.8679245283018868, 0.8679245283018868, 0.8805031446540881, 0.8805031446540881, 0.8930817610062893, 0.8930817610062893, 0.89937106918239, 0.89937106918239, 0.9056603773584906, 0.9056603773584906, 0.9182389937106918, 0.9182389937106918, 0.9245283018867925, 0.9245283018867925, 0.9433962264150944, 0.9433962264150944, 0.949685534591195, 0.949685534591195, 0.9559748427672956, 0.9559748427672956, 0.9622641509433962, 0.9622641509433962, 0.9685534591194969, 0.9685534591194969, 0.9748427672955975, 0.9748427672955975, 0.9811320754716981, 0.9811320754716981, 0.9874213836477987, 0.9874213836477987, 0.9937106918238994, 0.9937106918238994, 1.0, 1.0]","[0.05660377 0.08805031 0.13836478 0.17610063 0.17610063 0.20125786
 0.23899371 0.23899371 0.23899371 0.35220126 0.3836478  0.40251572
 0.42138365 0.42138365 0.42767296 0.43396226 0.46540881 0.50943396
 0.52201258 0.52201258 0.57232704 0.57232704 0.57861635 0.58490566
 0.6163522  0.62264151 0.62264151 0.66666667 0.6918239  0.69811321
 0.72955975 0.72955975 0.73584906 0.74213836 0.74213836 0.7672956
 0.7672956  0.77987421 0.79874214 0.82389937 0.83647799 0.83647799
 0.83647799 0.8490566  0.8490566  0.8490566  0.8490566  0.85534591
 0.85534591 0.86163522 0.86163522 0.86163522 0.86163522 0.86163522
 0.86163522 0.86792453 0.86792453 0.88050314 0.89308176 0.89308176
 0.89308176 0.89308176 0.89937107 0.89937107 0.90566038 0.91823899
 0.9245283  0.9245283  0.94339623 0.94339623 0.94339623 0.94968553
 0.94968553 0.95597484 0.95597484 0.96226415 0.97484277 0.98113208
 0.98113208 0.98113208 0.98113208 0.98742138 0.98742138 0.98742138
 0.99371069 0.99371069 0.99371069 0.99371069 0.99371069 0.99371069
 0.99371069 0.99371069 0.99371069 0.99371069 0.99371069 0.99371069
 0.99371069 1.         1.         1.        ]"
