model,seed/run,accuracy,accuracy_class1/recall,accuracy_class0,precision,f1_score,balanced_accuracy,roc_auc
logreg_early,0,0.6635220125786163,0.6792452830188679,0.6477987421383647,0.6585365853658537,0.6687306501547987,0.6635220125786163,0.7246548791582612
logreg_early,1,0.7012578616352201,0.7169811320754716,0.6855345911949685,0.6951219512195121,0.7058823529411764,0.7012578616352201,0.7605909576361695
logreg_early,2,0.6886792452830188,0.6729559748427673,0.7044025157232704,0.6948051948051948,0.6837060702875398,0.6886792452830188,0.7380246034571417
logreg_early,3,0.6792452830188679,0.6792452830188679,0.6792452830188679,0.6792452830188679,0.6792452830188679,0.6792452830188679,0.7532336537320518
logreg_early,4,0.6761006289308176,0.6918238993710691,0.660377358490566,0.6707317073170732,0.6811145510835913,0.6761006289308176,0.7304695225663541
logreg_early,5,0.6729559748427673,0.6729559748427673,0.6729559748427673,0.6729559748427673,0.6729559748427673,0.6729559748427673,0.73082552114236
logreg_early,6,0.6981132075471698,0.6729559748427673,0.7232704402515723,0.7086092715231788,0.6903225806451613,0.6981132075471698,0.7633796131482141
logreg_early,7,0.6666666666666666,0.660377358490566,0.6729559748427673,0.6687898089171974,0.6645569620253164,0.6666666666666666,0.7545587595427397
logreg_early,8,0.6886792452830188,0.6477987421383647,0.7295597484276729,0.7054794520547946,0.6754098360655738,0.6886792452830188,0.7578023021241249
logreg_early,9,0.7044025157232704,0.660377358490566,0.7484276729559748,0.7241379310344828,0.6907894736842105,0.7044025157232704,0.7878644040979392
logreg_early,10,0.6729559748427673,0.660377358490566,0.6855345911949685,0.6774193548387096,0.6687898089171974,0.6729559748427673,0.7173173529528105
logreg_early,11,0.6886792452830188,0.6415094339622641,0.7358490566037735,0.7083333333333334,0.6732673267326733,0.6886792452830188,0.7479530081879673
logreg_early,12,0.6729559748427673,0.660377358490566,0.6855345911949685,0.6774193548387096,0.6687898089171974,0.6729559748427673,0.7154186938807803
logreg_early,13,0.6729559748427673,0.6918238993710691,0.6540880503144654,0.6666666666666666,0.6790123456790123,0.6729559748427673,0.736620386851786
logreg_early,14,0.6981132075471698,0.6289308176100629,0.7672955974842768,0.7299270072992701,0.6756756756756758,0.6981132075471699,0.7672560420869428
logreg_early,15,0.6352201257861635,0.6289308176100629,0.6415094339622641,0.6369426751592356,0.6329113924050632,0.6352201257861635,0.6935247814564298
logreg_early,16,0.6698113207547169,0.6415094339622641,0.6981132075471698,0.68,0.6601941747572816,0.6698113207547169,0.7499703334519994
logreg_early,17,0.6729559748427673,0.6540880503144654,0.6918238993710691,0.6797385620915033,0.6666666666666666,0.6729559748427673,0.7429294727265535
logreg_early,18,0.6792452830188679,0.6666666666666666,0.6918238993710691,0.6838709677419355,0.6751592356687898,0.6792452830188679,0.7357303904117717
logreg_early,19,0.6761006289308176,0.6289308176100629,0.7232704402515723,0.6944444444444444,0.6600660066006601,0.6761006289308176,0.7468256793639492
logreg_early,20,0.6194968553459119,0.6037735849056604,0.6352201257861635,0.6233766233766234,0.6134185303514376,0.6194968553459119,0.6868399193069894
logreg_early,21,0.7044025157232704,0.7295597484276729,0.6792452830188679,0.6946107784431138,0.7116564417177914,0.7044025157232704,0.759958071278826
logreg_early,22,0.6855345911949685,0.6477987421383647,0.7232704402515723,0.7006802721088435,0.6732026143790849,0.6855345911949685,0.748368339859974
logreg_early,23,0.7044025157232704,0.6981132075471698,0.710691823899371,0.7070063694267515,0.7025316455696202,0.7044025157232704,0.7539654285827303
logreg_early,24,0.7264150943396226,0.7735849056603774,0.6792452830188679,0.7068965517241379,0.7387387387387387,0.7264150943396226,0.7698073652149835
logreg_early,25,0.6886792452830188,0.6729559748427673,0.7044025157232704,0.6948051948051948,0.6837060702875398,0.6886792452830188,0.7428305842332186
logreg_early,26,0.7295597484276729,0.6792452830188679,0.779874213836478,0.7552447552447552,0.7152317880794701,0.729559748427673,0.8093429848502828
logreg_early,27,0.6981132075471698,0.7169811320754716,0.6792452830188679,0.6909090909090909,0.7037037037037037,0.6981132075471698,0.7442545785372413
logreg_early,28,0.6415094339622641,0.6352201257861635,0.6477987421383647,0.643312101910828,0.6392405063291139,0.6415094339622641,0.7154780269767811
logreg_early,29,0.6792452830188679,0.6855345911949685,0.6729559748427673,0.6770186335403726,0.68125,0.6792452830188679,0.7188204580515011
logreg_early,30,0.6823899371069182,0.6918238993710691,0.6729559748427673,0.6790123456790124,0.6853582554517134,0.6823899371069182,0.740022151022507
logreg_early,31,0.6981132075471698,0.6540880503144654,0.7421383647798742,0.7172413793103448,0.6842105263157895,0.6981132075471698,0.744729243305249
logreg_early,32,0.6792452830188679,0.6918238993710691,0.6666666666666666,0.6748466257668712,0.6832298136645962,0.6792452830188679,0.7219057790435506
logreg_early,33,0.7232704402515723,0.7044025157232704,0.7421383647798742,0.7320261437908496,0.7179487179487178,0.7232704402515723,0.7947272655353823
logreg_early,34,0.6918238993710691,0.6477987421383647,0.7358490566037735,0.7103448275862069,0.6776315789473684,0.6918238993710691,0.7524227680867054
logreg_early,35,0.6886792452830188,0.6981132075471698,0.6792452830188679,0.6851851851851852,0.6915887850467289,0.6886792452830188,0.7551520905027491
logreg_early,36,0.6509433962264151,0.6540880503144654,0.6477987421383647,0.65,0.652037617554859,0.6509433962264151,0.7058462877259603
logreg_early,37,0.6918238993710691,0.710691823899371,0.6729559748427673,0.6848484848484848,0.6975308641975309,0.6918238993710691,0.7462323484039398
logreg_early,38,0.6855345911949685,0.6918238993710691,0.6792452830188679,0.6832298136645962,0.6874999999999999,0.6855345911949685,0.7304101894703532
logreg_early,39,0.6918238993710691,0.6666666666666666,0.7169811320754716,0.7019867549668874,0.6838709677419356,0.6918238993710691,0.7379454926624738
logreg_early,40,0.6918238993710691,0.7044025157232704,0.6792452830188679,0.6871165644171779,0.6956521739130436,0.6918238993710691,0.7455005735532614
logreg_early,41,0.6698113207547169,0.6792452830188679,0.660377358490566,0.6666666666666666,0.6728971962616822,0.6698113207547169,0.7081009453739964
logreg_early,42,0.6823899371069182,0.6855345911949685,0.6792452830188679,0.68125,0.6833855799373041,0.6823899371069182,0.7450061310865868
logreg_early,43,0.6666666666666666,0.6477987421383647,0.6855345911949685,0.673202614379085,0.6602564102564102,0.6666666666666666,0.7434832482892292
logreg_early,44,0.6352201257861635,0.660377358490566,0.610062893081761,0.6287425149700598,0.6441717791411042,0.6352201257861635,0.7084964993473359
logreg_early,45,0.6729559748427673,0.6352201257861635,0.710691823899371,0.6870748299319728,0.6601307189542484,0.6729559748427673,0.7433052490012263
logreg_early,46,0.6761006289308176,0.6918238993710691,0.660377358490566,0.6707317073170732,0.6811145510835913,0.6761006289308176,0.7235473280329101
logreg_early,47,0.6792452830188679,0.6729559748427673,0.6855345911949685,0.6815286624203821,0.6772151898734177,0.6792452830188679,0.7582374114947984
logreg_early,48,0.6886792452830188,0.6477987421383647,0.7295597484276729,0.7054794520547946,0.6754098360655738,0.6886792452830188,0.7604525137455006
logreg_early,49,0.6855345911949685,0.6477987421383647,0.7232704402515723,0.7006802721088435,0.6732026143790849,0.6855345911949685,0.7454610181559275
logreg_early,50,0.6352201257861635,0.6477987421383647,0.6226415094339622,0.6319018404907976,0.639751552795031,0.6352201257861635,0.6917052331790672
logreg_early,51,0.6761006289308176,0.6855345911949685,0.6666666666666666,0.6728395061728395,0.6791277258566978,0.6761006289308176,0.7337921759424074
logreg_early,52,0.6792452830188679,0.7232704402515723,0.6352201257861635,0.6647398843930635,0.6927710843373494,0.6792452830188679,0.7258217633796131
logreg_early,53,0.7264150943396226,0.7484276729559748,0.7044025157232704,0.7168674698795181,0.7323076923076922,0.7264150943396226,0.777560223092441
logreg_early,54,0.6981132075471698,0.6981132075471698,0.6981132075471698,0.6981132075471698,0.6981132075471698,0.6981132075471698,0.7451841303745896
logreg_early,55,0.7012578616352201,0.7295597484276729,0.6729559748427673,0.6904761904761905,0.709480122324159,0.7012578616352201,0.745896127526601
logreg_early,56,0.6477987421383647,0.6289308176100629,0.6666666666666666,0.6535947712418301,0.641025641025641,0.6477987421383647,0.7225782207982279
logreg_early,57,0.6823899371069182,0.660377358490566,0.7044025157232704,0.6907894736842105,0.67524115755627,0.6823899371069182,0.7432854713025593
logreg_early,58,0.7012578616352201,0.7421383647798742,0.660377358490566,0.686046511627907,0.7129909365558912,0.7012578616352201,0.7678691507456192
logreg_early,59,0.7075471698113207,0.7169811320754716,0.6981132075471698,0.7037037037037037,0.7102803738317758,0.7075471698113207,0.7926506071753491
logreg_early,60,0.6761006289308176,0.6981132075471698,0.6540880503144654,0.6686746987951807,0.683076923076923,0.6761006289308176,0.7361852774811123
logreg_early,61,0.6635220125786163,0.6352201257861635,0.6918238993710691,0.6733333333333333,0.6537216828478963,0.6635220125786163,0.7091887188006804
logreg_early,62,0.6698113207547169,0.6792452830188679,0.660377358490566,0.6666666666666666,0.6728971962616822,0.6698113207547169,0.7348997270677584
logreg_early,63,0.6855345911949685,0.6792452830188679,0.6918238993710691,0.6878980891719745,0.6835443037974683,0.6855345911949685,0.7667418219216013
logreg_early,64,0.6540880503144654,0.6666666666666666,0.6415094339622641,0.6503067484662577,0.6583850931677018,0.6540880503144654,0.7301333016890154
logreg_early,65,0.6729559748427673,0.6918238993710691,0.6540880503144654,0.6666666666666666,0.6790123456790123,0.6729559748427673,0.7375499386891341
logreg_early,66,0.6792452830188679,0.6855345911949685,0.6729559748427673,0.6770186335403726,0.68125,0.6792452830188679,0.7124322613820656
logreg_early,67,0.6886792452830188,0.6666666666666666,0.710691823899371,0.6973684210526315,0.6816720257234726,0.6886792452830188,0.7362643882757802
logreg_early,68,0.6666666666666666,0.6792452830188679,0.6540880503144654,0.6625766871165644,0.670807453416149,0.6666666666666666,0.7348206162730905
logreg_early,69,0.6761006289308176,0.6666666666666666,0.6855345911949685,0.6794871794871795,0.673015873015873,0.6761006289308176,0.7498318895613307
logreg_early,70,0.6855345911949685,0.710691823899371,0.660377358490566,0.6766467065868264,0.6932515337423313,0.6855345911949685,0.7238439935129148
logreg_early,71,0.710691823899371,0.6981132075471698,0.7232704402515723,0.7161290322580646,0.7070063694267515,0.710691823899371,0.7735453502630434
logreg_early,72,0.6666666666666666,0.6289308176100629,0.7044025157232704,0.6802721088435374,0.6535947712418301,0.6666666666666666,0.7133420355207468
logreg_early,73,0.6886792452830188,0.7044025157232704,0.6729559748427673,0.6829268292682927,0.6934984520123839,0.6886792452830188,0.7375894940864681
logreg_early,74,0.7138364779874213,0.710691823899371,0.7169811320754716,0.7151898734177216,0.7129337539432177,0.7138364779874213,0.7624105059135319
logreg_early,75,0.6540880503144654,0.660377358490566,0.6477987421383647,0.6521739130434783,0.6562500000000001,0.6540880503144654,0.7206597840275306
logreg_early,76,0.7295597484276729,0.7169811320754716,0.7421383647798742,0.7354838709677419,0.7261146496815287,0.7295597484276729,0.7873501839325977
logreg_early,77,0.6823899371069182,0.6729559748427673,0.6918238993710691,0.6858974358974359,0.6793650793650794,0.6823899371069182,0.747201455638622
logreg_early,78,0.6792452830188679,0.6289308176100629,0.7295597484276729,0.6993006993006993,0.6622516556291391,0.6792452830188679,0.7506625529053439
logreg_early,79,0.720125786163522,0.7421383647798742,0.6981132075471698,0.7108433734939759,0.7261538461538463,0.720125786163522,0.7791819943831335
logreg_early,80,0.6886792452830188,0.7232704402515723,0.6540880503144654,0.6764705882352942,0.6990881458966566,0.6886792452830188,0.7646058304655671
logreg_early,81,0.7012578616352201,0.7169811320754716,0.6855345911949685,0.6951219512195121,0.7058823529411764,0.7012578616352201,0.7604920691428345
logreg_early,82,0.6855345911949685,0.6729559748427673,0.6981132075471698,0.6903225806451613,0.6815286624203821,0.6855345911949685,0.7491198924093193
logreg_early,83,0.6949685534591195,0.7232704402515723,0.6666666666666666,0.6845238095238095,0.7033639143730888,0.6949685534591195,0.7620940627348601
logreg_early,84,0.6540880503144654,0.660377358490566,0.6477987421383647,0.6521739130434783,0.6562500000000001,0.6540880503144654,0.706123175507298
logreg_early,85,0.6477987421383647,0.660377358490566,0.6352201257861635,0.6441717791411042,0.6521739130434783,0.6477987421383647,0.6969858787231518
logreg_early,86,0.6792452830188679,0.7044025157232704,0.6540880503144654,0.6706586826347305,0.6871165644171779,0.6792452830188679,0.7597405165934892
logreg_early,87,0.6886792452830188,0.6792452830188679,0.6981132075471698,0.6923076923076923,0.6857142857142857,0.6886792452830188,0.7548158696254104
logreg_early,88,0.7044025157232704,0.7232704402515723,0.6855345911949685,0.696969696969697,0.7098765432098766,0.7044025157232704,0.7684624817056287
logreg_early,89,0.6729559748427673,0.6918238993710691,0.6540880503144654,0.6666666666666666,0.6790123456790123,0.6729559748427673,0.7317352952810411
logreg_early,90,0.6415094339622641,0.6037735849056604,0.6792452830188679,0.6530612244897959,0.6274509803921567,0.6415094339622641,0.6947905541711167
logreg_early,91,0.6949685534591195,0.7044025157232704,0.6855345911949685,0.691358024691358,0.6978193146417445,0.6949685534591195,0.7624105059135319
logreg_early,92,0.6949685534591195,0.6477987421383647,0.7421383647798742,0.7152777777777778,0.6798679867986799,0.6949685534591195,0.7757208971164116
logreg_early,93,0.6918238993710691,0.6666666666666666,0.7169811320754716,0.7019867549668874,0.6838709677419356,0.6918238993710691,0.7541236501720661
logreg_early,94,0.6918238993710691,0.6729559748427673,0.710691823899371,0.6993464052287581,0.6858974358974359,0.6918238993710691,0.7389541552944898
logreg_early,95,0.6729559748427673,0.6666666666666666,0.6792452830188679,0.6751592356687898,0.6708860759493671,0.6729559748427673,0.7336339543530714
logreg_early,96,0.6918238993710691,0.6981132075471698,0.6855345911949685,0.6894409937888198,0.69375,0.6918238993710691,0.7463707922946086
logreg_early,97,0.6918238993710691,0.6855345911949685,0.6981132075471698,0.6942675159235668,0.689873417721519,0.6918238993710691,0.7519678810173649
logreg_early,98,0.6792452830188679,0.6855345911949685,0.6729559748427673,0.6770186335403726,0.68125,0.6792452830188679,0.7484870060519758
logreg_early,99,0.7075471698113207,0.6981132075471698,0.7169811320754716,0.7115384615384616,0.7047619047619047,0.7075471698113207,0.7579011906174599
