model,seed/run,n_features_selected,accuracy,accuracy_class1/recall,accuracy_class0,precision,f1_score,balanced_accuracy,oob_accuracy,log_loss_value,roc_auc
RF_202111101615,0,266,0.6918238993710691,0.7044025157232704,0.6792452830188679,0.6871165644171779,0.6956521739130436,0.6918238993710691,0.684251968503937,0.6149745207551868,0.7638147225188877
RF_202111101615,1,266,0.6823899371069182,0.7295597484276729,0.6352201257861635,0.6666666666666666,0.6966966966966966,0.6823899371069182,0.6748031496062992,0.6160707962836508,0.7561409754360983
RF_202111101615,2,266,0.6918238993710691,0.710691823899371,0.6729559748427673,0.6848484848484848,0.6975308641975309,0.6918238993710691,0.6606299212598425,0.6271479585647799,0.7345832838890867
RF_202111101615,3,266,0.6918238993710691,0.7421383647798742,0.6415094339622641,0.6742857142857143,0.7065868263473053,0.6918238993710691,0.6858267716535433,0.6159808357169133,0.770380918476326
RF_202111101615,4,266,0.6666666666666666,0.6918238993710691,0.6415094339622641,0.6586826347305389,0.6748466257668712,0.6666666666666666,0.6850393700787402,0.6277567909247258,0.7332384003797319
RF_202111101615,5,266,0.6666666666666666,0.7169811320754716,0.6163522012578616,0.6514285714285715,0.6826347305389221,0.6666666666666666,0.6748031496062992,0.6214155956621404,0.7408725920651873
RF_202111101615,6,266,0.7169811320754716,0.7735849056603774,0.660377358490566,0.6949152542372882,0.7321428571428573,0.7169811320754718,0.6803149606299213,0.6114011978811601,0.7774217792017721
RF_202111101615,7,266,0.7169811320754716,0.7547169811320755,0.6792452830188679,0.7017543859649122,0.7272727272727273,0.7169811320754718,0.6811023622047244,0.6068874054074179,0.7882599580712788
RF_202111101615,8,266,0.7044025157232704,0.7169811320754716,0.6918238993710691,0.6993865030674846,0.7080745341614907,0.7044025157232704,0.6708661417322834,0.6110140910035923,0.781100431153831
RF_202111101615,9,266,0.710691823899371,0.7610062893081762,0.660377358490566,0.6914285714285714,0.7245508982035929,0.7106918238993711,0.6779527559055119,0.617617955621651,0.7619160634468573
RF_202111101615,10,266,0.7075471698113207,0.7232704402515723,0.6918238993710691,0.7012195121951219,0.7120743034055727,0.7075471698113207,0.6740157480314961,0.6143149671385332,0.7664649341402634
RF_202111101615,11,266,0.7075471698113207,0.7358490566037735,0.6792452830188679,0.6964285714285714,0.7155963302752294,0.7075471698113207,0.684251968503937,0.6180283578135592,0.7502472212333373
RF_202111101615,12,266,0.6949685534591195,0.7421383647798742,0.6477987421383647,0.6781609195402298,0.7087087087087087,0.6949685534591195,0.6834645669291338,0.620484532142773,0.7596614057988214
RF_202111101615,13,266,0.7138364779874213,0.7672955974842768,0.660377358490566,0.6931818181818182,0.728358208955224,0.7138364779874213,0.6952755905511812,0.6181723616339968,0.7615205094735177
RF_202111101615,14,266,0.6855345911949685,0.6981132075471698,0.6729559748427673,0.6809815950920245,0.6894409937888198,0.6855345911949685,0.6818897637795276,0.617053203311594,0.7637751671215538
RF_202111101615,15,266,0.6855345911949685,0.7295597484276729,0.6415094339622641,0.6705202312138728,0.6987951807228916,0.6855345911949685,0.684251968503937,0.6206882007214999,0.7510778845773505
RF_202111101615,16,266,0.6572327044025157,0.6918238993710691,0.6226415094339622,0.6470588235294118,0.668693009118541,0.6572327044025157,0.6937007874015748,0.6214975287914685,0.7352557256437641
RF_202111101615,17,266,0.6981132075471698,0.7547169811320755,0.6415094339622641,0.6779661016949152,0.7142857142857143,0.6981132075471699,0.6748031496062992,0.6200738782185286,0.7607294015268384
RF_202111101615,18,266,0.7012578616352201,0.7547169811320755,0.6477987421383647,0.6818181818181818,0.7164179104477612,0.7012578616352201,0.6795275590551181,0.6140796995640418,0.7654760492069143
RF_202111101615,19,266,0.6918238993710691,0.7295597484276729,0.6540880503144654,0.6783625730994152,0.7030303030303029,0.6918238993710691,0.6913385826771653,0.6138222228905444,0.761006289308176
RF_202111101615,20,266,0.6698113207547169,0.7044025157232704,0.6352201257861635,0.6588235294117647,0.6808510638297872,0.6698113207547169,0.6779527559055119,0.6301474275897496,0.7379850480598078
RF_202111101615,21,266,0.6729559748427673,0.7232704402515723,0.6226415094339622,0.6571428571428571,0.688622754491018,0.6729559748427673,0.6889763779527559,0.6265642003574363,0.7387761560064872
RF_202111101615,22,266,0.6949685534591195,0.7358490566037735,0.6540880503144654,0.6802325581395349,0.7069486404833837,0.6949685534591195,0.6858267716535433,0.6111221201936503,0.7538072069933942
RF_202111101615,23,266,0.7044025157232704,0.7295597484276729,0.6792452830188679,0.6946107784431138,0.7116564417177914,0.7044025157232704,0.6779527559055119,0.6118041814646153,0.7746133459910606
RF_202111101615,24,266,0.7138364779874213,0.7987421383647799,0.6289308176100629,0.6827956989247311,0.7362318840579711,0.7138364779874213,0.6755905511811023,0.6116864526064143,0.785728412641905
RF_202111101615,25,266,0.7264150943396226,0.7672955974842768,0.6855345911949685,0.7093023255813954,0.7371601208459214,0.7264150943396226,0.6976377952755906,0.6055280411411668,0.7793599936711365
RF_202111101615,26,266,0.720125786163522,0.7044025157232704,0.7358490566037735,0.7272727272727273,0.7156549520766772,0.720125786163522,0.6732283464566929,0.6085429675579231,0.7992563585301213
RF_202111101615,27,266,0.6698113207547169,0.6981132075471698,0.6415094339622641,0.6607142857142857,0.6788990825688073,0.6698113207547169,0.6811023622047244,0.6201754952816638,0.7584747438788023
RF_202111101615,28,266,0.6540880503144654,0.6855345911949685,0.6226415094339622,0.6449704142011834,0.6646341463414633,0.6540880503144654,0.6921259842519685,0.6339146096610309,0.7172580198568094
RF_202111101615,29,266,0.7012578616352201,0.7484276729559748,0.6540880503144654,0.6839080459770115,0.7147147147147147,0.7012578616352201,0.6771653543307087,0.6192251316810271,0.7631818361615443
RF_202111101615,30,266,0.6761006289308176,0.7044025157232704,0.6477987421383647,0.6666666666666666,0.6850152905198776,0.6761006289308176,0.6787401574803149,0.6087109504686752,0.7860448558205768
RF_202111101615,31,266,0.7138364779874213,0.7421383647798742,0.6855345911949685,0.7023809523809523,0.7217125382262995,0.7138364779874213,0.6803149606299213,0.6172950576964622,0.7541632055694001
RF_202111101615,32,266,0.6855345911949685,0.7295597484276729,0.6415094339622641,0.6705202312138728,0.6987951807228916,0.6855345911949685,0.6748031496062992,0.6220226657435266,0.7512756615640204
RF_202111101615,33,266,0.710691823899371,0.7484276729559748,0.6729559748427673,0.695906432748538,0.7212121212121212,0.710691823899371,0.6787401574803149,0.6131181188283039,0.7867568529725882
RF_202111101615,34,266,0.6886792452830188,0.710691823899371,0.6666666666666666,0.6807228915662651,0.6953846153846153,0.6886792452830188,0.6732283464566929,0.620127782757288,0.753055654444049
RF_202111101615,35,266,0.7295597484276729,0.7295597484276729,0.7295597484276729,0.7295597484276729,0.7295597484276729,0.7295597484276729,0.6874015748031496,0.605283873980057,0.7887346228392864
RF_202111101615,36,266,0.6572327044025157,0.6981132075471698,0.6163522012578616,0.6453488372093024,0.6706948640483384,0.6572327044025157,0.6897637795275591,0.630424933572173,0.7294015268383371
RF_202111101615,37,266,0.6823899371069182,0.7358490566037735,0.6289308176100629,0.6647727272727273,0.6985074626865672,0.6823899371069182,0.6787401574803149,0.6182925210739483,0.7565365294094378
RF_202111101615,38,266,0.6823899371069182,0.6918238993710691,0.6729559748427673,0.6790123456790124,0.6853582554517134,0.6823899371069182,0.6905511811023622,0.6176829292537037,0.7593449626201495
RF_202111101615,39,266,0.660377358490566,0.6981132075471698,0.6226415094339622,0.6491228070175439,0.6727272727272728,0.660377358490566,0.6787401574803149,0.6323370851292439,0.710850045488707
RF_202111101615,40,266,0.6698113207547169,0.7232704402515723,0.6163522012578616,0.6534090909090909,0.6865671641791045,0.6698113207547169,0.684251968503937,0.6229261743716363,0.7415054784225309
RF_202111101615,41,266,0.6698113207547169,0.7169811320754716,0.6226415094339622,0.6551724137931034,0.6846846846846846,0.6698113207547169,0.6929133858267716,0.6204542817983567,0.7388157114038211
RF_202111101615,42,266,0.6886792452830188,0.7169811320754716,0.660377358490566,0.6785714285714286,0.6972477064220183,0.6886792452830188,0.6937007874015748,0.6220497202284162,0.7437996914679008
RF_202111101615,43,266,0.7044025157232704,0.7295597484276729,0.6792452830188679,0.6946107784431138,0.7116564417177914,0.7044025157232704,0.6834645669291338,0.62052909955557,0.7578418575214587
RF_202111101615,44,266,0.6415094339622641,0.7044025157232704,0.5786163522012578,0.6256983240223464,0.6627218934911242,0.6415094339622641,0.6724409448818898,0.6208896697849351,0.7394881531584985
RF_202111101615,45,266,0.660377358490566,0.6289308176100629,0.6918238993710691,0.6711409395973155,0.6493506493506493,0.660377358490566,0.6905511811023622,0.6285984872983473,0.724852656144931
RF_202111101615,46,266,0.7044025157232704,0.7610062893081762,0.6477987421383647,0.6836158192090396,0.7202380952380952,0.7044025157232705,0.6708661417322834,0.6150317796353872,0.7616391756655196
RF_202111101615,47,266,0.7044025157232704,0.7484276729559748,0.660377358490566,0.6878612716763006,0.7168674698795181,0.7044025157232704,0.6858267716535433,0.6078003319972486,0.7748902337723983
RF_202111101615,48,266,0.7232704402515723,0.6981132075471698,0.7484276729559748,0.7350993377483444,0.7161290322580645,0.7232704402515723,0.6755905511811023,0.6033031075422617,0.8076025473675883
RF_202111101615,49,266,0.6823899371069182,0.6981132075471698,0.6666666666666666,0.676829268292683,0.6873065015479876,0.6823899371069182,0.6724409448818898,0.611256705452585,0.7663858233455955
RF_202111101615,50,266,0.6855345911949685,0.7610062893081762,0.610062893081761,0.6612021857923497,0.7076023391812866,0.6855345911949686,0.6748031496062992,0.6172603068700476,0.7612831770895139
RF_202111101615,51,266,0.6981132075471698,0.7672955974842768,0.6289308176100629,0.6740331491712708,0.7176470588235294,0.6981132075471699,0.6748031496062992,0.6173657756297954,0.7596218504014874
RF_202111101615,52,266,0.7012578616352201,0.7610062893081762,0.6415094339622641,0.6797752808988764,0.7181008902077151,0.7012578616352201,0.6716535433070866,0.6192952468210415,0.751789881729362
RF_202111101615,53,266,0.7169811320754716,0.7672955974842768,0.6666666666666666,0.6971428571428572,0.7305389221556886,0.7169811320754718,0.6669291338582677,0.6037841162256464,0.7974368102527589
RF_202111101615,54,266,0.6792452830188679,0.6981132075471698,0.660377358490566,0.6727272727272727,0.6851851851851852,0.6792452830188679,0.6811023622047244,0.6191509696686673,0.7479925635853011
RF_202111101615,55,266,0.7075471698113207,0.7924528301886793,0.6226415094339622,0.6774193548387096,0.7304347826086955,0.7075471698113207,0.6661417322834645,0.6208485363143154,0.7657924923855861
RF_202111101615,56,266,0.6792452830188679,0.7358490566037735,0.6226415094339622,0.6610169491525424,0.6964285714285713,0.6792452830188679,0.6889763779527559,0.6188612991823506,0.7504449982200072
RF_202111101615,57,266,0.6540880503144654,0.6729559748427673,0.6352201257861635,0.6484848484848484,0.6604938271604938,0.6540880503144654,0.6881889763779527,0.6182202582443653,0.7558640876547604
RF_202111101615,58,266,0.7044025157232704,0.7987421383647799,0.610062893081761,0.671957671957672,0.7298850574712643,0.7044025157232705,0.6653543307086615,0.6154813469030689,0.7753253431430718
RF_202111101615,59,266,0.6886792452830188,0.7735849056603774,0.6037735849056604,0.6612903225806451,0.7130434782608696,0.6886792452830188,0.6740157480314961,0.6171554436548549,0.750484553617341
RF_202111101615,60,266,0.6918238993710691,0.7421383647798742,0.6415094339622641,0.6742857142857143,0.7065868263473053,0.6918238993710691,0.684251968503937,0.6199498908125253,0.7595427396068194
RF_202111101615,61,266,0.6572327044025157,0.7295597484276729,0.5849056603773585,0.6373626373626373,0.6803519061583578,0.6572327044025157,0.6889763779527559,0.6326906275576999,0.7097424943633559
RF_202111101615,62,266,0.6761006289308176,0.7610062893081762,0.5911949685534591,0.6505376344086021,0.7014492753623189,0.6761006289308176,0.6795275590551181,0.6165449359196209,0.7659507139749219
RF_202111101615,63,266,0.6949685534591195,0.779874213836478,0.610062893081761,0.6666666666666666,0.7188405797101448,0.6949685534591195,0.6748031496062992,0.6096167768982753,0.7827222024445235
RF_202111101615,64,266,0.660377358490566,0.710691823899371,0.610062893081761,0.6457142857142857,0.6766467065868264,0.660377358490566,0.6803149606299213,0.6359052044137236,0.7143704758514299
RF_202111101615,65,266,0.6666666666666666,0.710691823899371,0.6226415094339622,0.653179190751445,0.680722891566265,0.6666666666666666,0.6795275590551181,0.6149853561913975,0.7653969384122463
RF_202111101615,66,266,0.7169811320754716,0.7484276729559748,0.6855345911949685,0.7041420118343196,0.7256097560975611,0.7169811320754716,0.6787401574803149,0.6120692846315036,0.7629445037775403
RF_202111101615,67,266,0.6698113207547169,0.7358490566037735,0.6037735849056604,0.65,0.6902654867256638,0.6698113207547169,0.6834645669291338,0.6232943295503262,0.7444325778252443
RF_202111101615,68,266,0.6352201257861635,0.6477987421383647,0.6226415094339622,0.6319018404907976,0.639751552795031,0.6352201257861635,0.7015748031496063,0.6280776411063985,0.7269886476009653
RF_202111101615,69,266,0.6729559748427673,0.7232704402515723,0.6226415094339622,0.6571428571428571,0.688622754491018,0.6729559748427673,0.6787401574803149,0.615724104565083,0.7684031486096278
RF_202111101615,70,266,0.6855345911949685,0.7358490566037735,0.6352201257861635,0.6685714285714286,0.7005988023952096,0.6855345911949685,0.6716535433070866,0.619962819541126,0.7569716387801116
RF_202111101615,71,266,0.7578616352201258,0.8238993710691824,0.6918238993710691,0.7277777777777777,0.7728613569321533,0.7578616352201257,0.6724409448818898,0.6015667594907265,0.8134567461730153
RF_202111101615,72,266,0.6918238993710691,0.660377358490566,0.7232704402515723,0.7046979865771812,0.6818181818181818,0.6918238993710691,0.6889763779527559,0.6258706598615034,0.7378268264704718
RF_202111101615,73,266,0.6981132075471698,0.7358490566037735,0.660377358490566,0.6842105263157895,0.709090909090909,0.6981132075471698,0.6779527559055119,0.6131466111231173,0.7686800363909656
RF_202111101615,74,266,0.7075471698113207,0.7672955974842768,0.6477987421383647,0.6853932584269663,0.7240356083086055,0.7075471698113207,0.6669291338582677,0.6079513138764259,0.7867172975752542
RF_202111101615,75,266,0.6729559748427673,0.6981132075471698,0.6477987421383647,0.6646706586826348,0.6809815950920245,0.6729559748427673,0.6771653543307087,0.6303635184058346,0.7150033622087735
RF_202111101615,76,266,0.6823899371069182,0.7169811320754716,0.6477987421383647,0.6705882352941176,0.6930091185410334,0.6823899371069182,0.6779527559055119,0.6215632664052879,0.7546774257347415
RF_202111101615,77,266,0.6855345911949685,0.6918238993710691,0.6792452830188679,0.6832298136645962,0.6874999999999999,0.6855345911949685,0.6763779527559055,0.6156979489609855,0.7585142992761362
RF_202111101615,78,266,0.6918238993710691,0.6981132075471698,0.6855345911949685,0.6894409937888198,0.69375,0.6918238993710691,0.668503937007874,0.6179486159636918,0.7601360705668289
RF_202111101615,79,266,0.7075471698113207,0.7358490566037735,0.6792452830188679,0.6964285714285714,0.7155963302752294,0.7075471698113207,0.6858267716535433,0.6111497025982303,0.7739804596337171
RF_202111101615,80,266,0.6761006289308176,0.7672955974842768,0.5849056603773585,0.648936170212766,0.7031700288184439,0.6761006289308176,0.6771653543307087,0.625077266056455,0.7506823306040109
RF_202111101615,81,266,0.6729559748427673,0.7232704402515723,0.6226415094339622,0.6571428571428571,0.688622754491018,0.6729559748427673,0.6716535433070866,0.6153488532956269,0.7607294015268383
RF_202111101615,82,266,0.7389937106918238,0.7924528301886793,0.6855345911949685,0.7159090909090909,0.7522388059701492,0.7389937106918238,0.6763779527559055,0.6107913966583496,0.7788853289031289
RF_202111101615,83,266,0.7012578616352201,0.779874213836478,0.6226415094339622,0.6739130434782609,0.7230320699708455,0.7012578616352201,0.6779527559055119,0.6190858368464829,0.763260946956212
RF_202111101615,84,266,0.6729559748427673,0.710691823899371,0.6352201257861635,0.6608187134502924,0.6848484848484848,0.6729559748427673,0.7,0.6275692858052236,0.7391321545824928
RF_202111101615,85,266,0.660377358490566,0.7358490566037735,0.5849056603773585,0.639344262295082,0.6842105263157895,0.660377358490566,0.6818897637795276,0.6329895985551781,0.7222419999208892
RF_202111101615,86,266,0.7012578616352201,0.7610062893081762,0.6415094339622641,0.6797752808988764,0.7181008902077151,0.7012578616352201,0.6834645669291338,0.6185066824287394,0.7560618646414303
RF_202111101615,87,266,0.6761006289308176,0.6981132075471698,0.6540880503144654,0.6686746987951807,0.683076923076923,0.6761006289308176,0.6826771653543308,0.6157197166248146,0.7548356473240774
RF_202111101615,88,266,0.7075471698113207,0.7358490566037735,0.6792452830188679,0.6964285714285714,0.7155963302752294,0.7075471698113207,0.6614173228346457,0.6053953237020894,0.7855701910525691
RF_202111101615,89,266,0.6666666666666666,0.7169811320754716,0.6163522012578616,0.6514285714285715,0.6826347305389221,0.6666666666666666,0.6803149606299213,0.6166993394905422,0.7500494442466674
RF_202111101615,90,266,0.6761006289308176,0.6729559748427673,0.6792452830188679,0.6772151898734177,0.6750788643533122,0.6761006289308176,0.6905511811023622,0.6348845224061753,0.7130651477394091
RF_202111101615,91,266,0.6981132075471698,0.7610062893081762,0.6352201257861635,0.6759776536312849,0.7159763313609468,0.6981132075471699,0.6779527559055119,0.6170498584025058,0.757683635932123
RF_202111101615,92,266,0.7138364779874213,0.6981132075471698,0.7295597484276729,0.7207792207792207,0.7092651757188498,0.7138364779874213,0.684251968503937,0.6029569982910613,0.7922154978046754
RF_202111101615,93,266,0.7138364779874213,0.7610062893081762,0.6666666666666666,0.6954022988505747,0.7267267267267268,0.7138364779874213,0.6874015748031496,0.6138750619896469,0.781139986551165
RF_202111101615,94,266,0.7012578616352201,0.7358490566037735,0.6666666666666666,0.6882352941176471,0.7112462006079028,0.7012578616352201,0.6661417322834645,0.6175956637579421,0.7622325066255291
RF_202111101615,95,266,0.720125786163522,0.7672955974842768,0.6729559748427673,0.7011494252873564,0.7327327327327329,0.720125786163522,0.6732283464566929,0.6140395641661242,0.7643289426842292
RF_202111101615,96,266,0.6981132075471698,0.779874213836478,0.6163522012578616,0.6702702702702703,0.7209302325581395,0.6981132075471699,0.6637795275590551,0.6120424260058457,0.7776195561884419
RF_202111101615,97,266,0.7421383647798742,0.7861635220125787,0.6981132075471698,0.7225433526011561,0.7530120481927711,0.7421383647798743,0.668503937007874,0.6091469753800156,0.7876270717139353
RF_202111101615,98,266,0.660377358490566,0.7484276729559748,0.5723270440251572,0.6363636363636364,0.6878612716763006,0.660377358490566,0.684251968503937,0.6275158251591292,0.7215300027688778
RF_202111101615,99,266,0.7012578616352201,0.7484276729559748,0.6540880503144654,0.6839080459770115,0.7147147147147147,0.7012578616352201,0.6905511811023622,0.6066861800872497,0.7829990902258613
