model,seed/run,accuracy,accuracy_class1/recall,accuracy_class0,precision,f1_score,balanced_accuracy,roc_auc
logreg,0,0.6289308176100629,0.6289308176100629,0.6289308176100629,0.6289308176100629,0.6289308176100629,0.6289308176100629,0.6699695423440529
logreg,1,0.5880503144654088,0.6289308176100629,0.5471698113207547,0.5813953488372093,0.6042296072507554,0.5880503144654088,0.6309085874767614
logreg,2,0.6069182389937107,0.5911949685534591,0.6226415094339622,0.6103896103896104,0.6006389776357827,0.6069182389937107,0.6494996242237253
logreg,3,0.5880503144654088,0.5786163522012578,0.5974842767295597,0.5897435897435898,0.5841269841269842,0.5880503144654088,0.6288121514180609
logreg,4,0.6163522012578616,0.6037735849056604,0.6289308176100629,0.6193548387096774,0.6114649681528661,0.6163522012578616,0.6234523950793086
logreg,5,0.6132075471698113,0.5911949685534591,0.6352201257861635,0.618421052631579,0.6045016077170418,0.6132075471698113,0.6366836754875204
logreg,6,0.5974842767295597,0.5471698113207547,0.6477987421383647,0.6083916083916084,0.5761589403973509,0.5974842767295597,0.6140777659111587
logreg,7,0.6383647798742138,0.6540880503144654,0.6226415094339622,0.6341463414634146,0.6439628482972136,0.6383647798742138,0.6735097504054429
logreg,8,0.5974842767295597,0.559748427672956,0.6352201257861635,0.6054421768707483,0.5816993464052288,0.5974842767295597,0.634705905620822
logreg,9,0.6194968553459119,0.6289308176100629,0.610062893081761,0.6172839506172839,0.6230529595015576,0.6194968553459119,0.6502907321704048
logreg,10,0.6226415094339622,0.6352201257861635,0.610062893081761,0.6196319018404908,0.6273291925465837,0.6226415094339622,0.6438629801036352
logreg,11,0.5786163522012578,0.610062893081761,0.5471698113207547,0.5739644970414202,0.5914634146341463,0.5786163522012578,0.5957240615481985
logreg,12,0.6163522012578616,0.6352201257861635,0.5974842767295597,0.6121212121212121,0.6234567901234568,0.6163522012578616,0.6366045646928523
logreg,13,0.6069182389937107,0.5974842767295597,0.6163522012578616,0.6089743589743589,0.6031746031746031,0.6069182389937107,0.6566393734425062
logreg,14,0.5974842767295597,0.5911949685534591,0.6037735849056604,0.5987261146496815,0.5949367088607594,0.5974842767295597,0.6183497488232269
logreg,15,0.6037735849056604,0.5911949685534591,0.6163522012578616,0.6064516129032258,0.5987261146496816,0.6037735849056604,0.6329654681381275
logreg,16,0.6069182389937107,0.5786163522012578,0.6352201257861635,0.6133333333333333,0.5954692556634305,0.6069182389937107,0.6228195087219652
logreg,17,0.5911949685534591,0.6352201257861635,0.5471698113207547,0.5838150289017341,0.608433734939759,0.5911949685534591,0.6327083580554568
logreg,18,0.6383647798742138,0.6666666666666666,0.610062893081761,0.6309523809523809,0.6483180428134556,0.6383647798742138,0.6666271112693327
logreg,19,0.6194968553459119,0.6163522012578616,0.6226415094339622,0.620253164556962,0.6182965299684542,0.6194968553459119,0.6477987421383649
logreg,20,0.6635220125786163,0.6226415094339622,0.7044025157232704,0.678082191780822,0.6491803278688525,0.6635220125786163,0.7075669475099877
logreg,21,0.5911949685534591,0.5974842767295597,0.5849056603773585,0.5900621118012422,0.59375,0.5911949685534591,0.6404018828369132
logreg,22,0.6163522012578616,0.6226415094339622,0.610062893081761,0.6149068322981367,0.61875,0.6163522012578616,0.6493611803330565
logreg,23,0.6383647798742138,0.660377358490566,0.6163522012578616,0.6325301204819277,0.6461538461538461,0.6383647798742138,0.6600609153118944
logreg,24,0.6792452830188679,0.6729559748427673,0.6855345911949685,0.6815286624203821,0.6772151898734177,0.6792452830188679,0.7139353664807563
logreg,25,0.6163522012578616,0.6226415094339622,0.610062893081761,0.6149068322981367,0.61875,0.6163522012578616,0.6413116569755944
logreg,26,0.5754716981132075,0.5974842767295597,0.5534591194968553,0.572289156626506,0.5846153846153845,0.5754716981132075,0.6211977374312725
logreg,27,0.60062893081761,0.5911949685534591,0.610062893081761,0.6025641025641025,0.5968253968253968,0.60062893081761,0.6365254538981845
logreg,28,0.6037735849056604,0.6415094339622641,0.5660377358490566,0.5964912280701754,0.6181818181818182,0.6037735849056604,0.6340532415648116
logreg,29,0.6446540880503144,0.6289308176100629,0.660377358490566,0.6493506493506493,0.6389776357827476,0.6446540880503144,0.6670622206400063
logreg,30,0.5849056603773585,0.5471698113207547,0.6226415094339622,0.5918367346938775,0.5686274509803921,0.5849056603773585,0.6340136861674777
logreg,31,0.5849056603773585,0.6037735849056604,0.5660377358490566,0.5818181818181818,0.5925925925925926,0.5849056603773585,0.6440212016929712
logreg,32,0.6666666666666666,0.6666666666666666,0.6666666666666666,0.6666666666666666,0.6666666666666666,0.6666666666666666,0.6760017404374827
logreg,33,0.6352201257861635,0.6540880503144654,0.6163522012578616,0.6303030303030303,0.6419753086419753,0.6352201257861635,0.6622760175625964
logreg,34,0.6194968553459119,0.6415094339622641,0.5974842767295597,0.6144578313253012,0.6276923076923077,0.6194968553459119,0.6294648154740714
logreg,35,0.6289308176100629,0.6352201257861635,0.6226415094339622,0.6273291925465838,0.6312500000000001,0.6289308176100629,0.6691191013013726
logreg,36,0.6383647798742138,0.6415094339622641,0.6352201257861635,0.6375,0.6394984326018808,0.6383647798742138,0.6661722241999921
logreg,37,0.6415094339622641,0.6037735849056604,0.6792452830188679,0.6530612244897959,0.6274509803921567,0.6415094339622641,0.6631462363039436
logreg,38,0.6446540880503144,0.5974842767295597,0.6918238993710691,0.6597222222222222,0.6270627062706271,0.6446540880503144,0.669870653850718
logreg,39,0.6163522012578616,0.6415094339622641,0.5911949685534591,0.6107784431137725,0.6257668711656442,0.6163522012578616,0.6728966417467663
logreg,40,0.6320754716981132,0.6037735849056604,0.660377358490566,0.64,0.6213592233009708,0.6320754716981132,0.6641944543332938
