model,seed/run,n_features_selected,accuracy,accuracy_class1/recall,accuracy_class0,precision,f1_score,balanced_accuracy,oob_accuracy,log_loss_value,roc_auc
RF_202111100944,0,108,0.6981132075471698,0.7169811320754716,0.6792452830188679,0.6909090909090909,0.7037037037037037,0.6981132075471698,0.6716535433070866,0.6307051011131481,0.7581978560974646
RF_202111100944,1,115,0.6729559748427673,0.7232704402515723,0.6226415094339622,0.6571428571428571,0.688622754491018,0.6729559748427673,0.6826771653543308,0.6184387227551291,0.7428108065345517
RF_202111100944,2,107,0.6698113207547169,0.6855345911949685,0.6540880503144654,0.6646341463414634,0.6749226006191951,0.6698113207547169,0.6677165354330709,0.6448726133304824,0.7123135951900638
RF_202111100944,3,113,0.6761006289308176,0.7232704402515723,0.6289308176100629,0.6609195402298851,0.6906906906906907,0.6761006289308176,0.6787401574803149,0.6168911442350694,0.7653178276175784
RF_202111100944,4,119,0.6729559748427673,0.6981132075471698,0.6477987421383647,0.6646706586826348,0.6809815950920245,0.6729559748427673,0.6850393700787402,0.6255273061388243,0.7331988449823978
RF_202111100944,5,112,0.6540880503144654,0.6981132075471698,0.610062893081761,0.6416184971098265,0.6686746987951806,0.6540880503144654,0.6677165354330709,0.6379809104985197,0.7244175467742573
RF_202111100944,6,115,0.7232704402515723,0.7421383647798742,0.7044025157232704,0.7151515151515152,0.728395061728395,0.7232704402515723,0.6826771653543308,0.6106047692803004,0.7823662038685179
RF_202111100944,7,104,0.710691823899371,0.7672955974842768,0.6540880503144654,0.6892655367231638,0.7261904761904763,0.7106918238993711,0.6771653543307087,0.6054093748078024,0.7932834935326926
RF_202111100944,8,104,0.7012578616352201,0.7232704402515723,0.6792452830188679,0.6927710843373494,0.7076923076923077,0.7012578616352201,0.6559055118110236,0.6280468047544956,0.7663067125509276
RF_202111100944,9,108,0.6981132075471698,0.7232704402515723,0.6729559748427673,0.688622754491018,0.7055214723926381,0.6981132075471698,0.6748031496062992,0.6168972136915791,0.7605316245401686
RF_202111100944,10,99,0.6981132075471698,0.7169811320754716,0.6792452830188679,0.6909090909090909,0.7037037037037037,0.6981132075471698,0.6708661417322834,0.628892619919213,0.7546774257347415
RF_202111100944,11,108,0.6949685534591195,0.7232704402515723,0.6666666666666666,0.6845238095238095,0.7033639143730888,0.6949685534591195,0.684251968503937,0.6183162994927889,0.7504845536173411
RF_202111100944,12,100,0.6855345911949685,0.7295597484276729,0.6415094339622641,0.6705202312138728,0.6987951807228916,0.6855345911949685,0.6661417322834645,0.6352246687402363,0.7404770380918477
RF_202111100944,13,110,0.6918238993710691,0.7547169811320755,0.6289308176100629,0.6703910614525139,0.7100591715976331,0.6918238993710693,0.6921259842519685,0.6170219573061702,0.7592658518254816
RF_202111100944,14,110,0.7012578616352201,0.7169811320754716,0.6855345911949685,0.6951219512195121,0.7058823529411764,0.7012578616352201,0.6700787401574804,0.6334328666702979,0.758712076262806
RF_202111100944,15,105,0.6792452830188679,0.7295597484276729,0.6289308176100629,0.6628571428571428,0.6946107784431138,0.6792452830188679,0.6834645669291338,0.6249999109820615,0.7414659230251968
RF_202111100944,16,111,0.6446540880503144,0.7044025157232704,0.5849056603773585,0.6292134831460674,0.6646884272997032,0.6446540880503144,0.6850393700787402,0.6371133032678384,0.7208971164115344
RF_202111100944,17,99,0.7012578616352201,0.7421383647798742,0.660377358490566,0.686046511627907,0.7129909365558912,0.7012578616352201,0.6598425196850394,0.6307733781821598,0.7569320833827776
RF_202111100944,18,110,0.6855345911949685,0.7672955974842768,0.6037735849056604,0.6594594594594595,0.7093023255813954,0.6855345911949686,0.6661417322834645,0.6332121509733567,0.738934377595823
RF_202111100944,19,105,0.6698113207547169,0.7044025157232704,0.6352201257861635,0.6588235294117647,0.6808510638297872,0.6698113207547169,0.6763779527559055,0.6314019689028751,0.7476761204066295
RF_202111100944,20,109,0.6698113207547169,0.710691823899371,0.6289308176100629,0.6569767441860465,0.6827794561933533,0.6698113207547169,0.6937007874015748,0.6308838748525385,0.7386179344171513
RF_202111100944,21,111,0.6855345911949685,0.7421383647798742,0.6289308176100629,0.6666666666666666,0.7023809523809523,0.6855345911949685,0.6850393700787402,0.6252162626274242,0.7429294727265535
RF_202111100944,22,99,0.6886792452830188,0.7169811320754716,0.660377358490566,0.6785714285714286,0.6972477064220183,0.6886792452830188,0.6803149606299213,0.6248929529864892,0.749337447094656
RF_202111100944,23,104,0.7044025157232704,0.7358490566037735,0.6729559748427673,0.6923076923076923,0.7134146341463415,0.7044025157232704,0.6795275590551181,0.6094750399908343,0.7766702266524268
RF_202111100944,24,107,0.7138364779874213,0.7735849056603774,0.6540880503144654,0.6910112359550562,0.7299703264094956,0.7138364779874213,0.6740157480314961,0.6098329760277378,0.7808235433724933
RF_202111100944,25,105,0.710691823899371,0.7610062893081762,0.660377358490566,0.6914285714285714,0.7245508982035929,0.7106918238993711,0.6874015748031496,0.6057428246368193,0.7758000079110794
RF_202111100944,26,118,0.7075471698113207,0.710691823899371,0.7044025157232704,0.70625,0.7084639498432602,0.7075471698113207,0.6763779527559055,0.6069406919960066,0.7956963727700646
RF_202111100944,27,100,0.660377358490566,0.6855345911949685,0.6352201257861635,0.6526946107784432,0.6687116564417177,0.660377358490566,0.6606299212598425,0.6361918752450823,0.7432854713025593
RF_202111100944,28,104,0.6477987421383647,0.6792452830188679,0.6163522012578616,0.6390532544378699,0.6585365853658537,0.6477987421383647,0.694488188976378,0.6304941216591128,0.7231913294569045
RF_202111100944,29,106,0.6949685534591195,0.7421383647798742,0.6477987421383647,0.6781609195402298,0.7087087087087087,0.6949685534591195,0.6653543307086615,0.633055364662713,0.7503658874253392
RF_202111100944,30,105,0.6855345911949685,0.7044025157232704,0.6666666666666666,0.6787878787878788,0.691358024691358,0.6855345911949685,0.6755905511811023,0.6072438342850621,0.7841461967485464
RF_202111100944,31,107,0.7044025157232704,0.7484276729559748,0.660377358490566,0.6878612716763006,0.7168674698795181,0.7044025157232704,0.6779527559055119,0.6166211117222771,0.755349867489419
RF_202111100944,32,101,0.6918238993710691,0.7421383647798742,0.6415094339622641,0.6742857142857143,0.7065868263473053,0.6918238993710691,0.6881889763779527,0.6253266504247121,0.7498912226573317
RF_202111100944,33,104,0.7075471698113207,0.7484276729559748,0.6666666666666666,0.6918604651162791,0.7190332326283988,0.7075471698113207,0.6653543307086615,0.6255290103791747,0.7875479609192675
RF_202111100944,34,106,0.6823899371069182,0.7169811320754716,0.6477987421383647,0.6705882352941176,0.6930091185410334,0.6823899371069182,0.6716535433070866,0.6346183312245406,0.7401605949131759
RF_202111100944,35,98,0.7075471698113207,0.710691823899371,0.7044025157232704,0.70625,0.7084639498432602,0.7075471698113207,0.6826771653543308,0.6076262861408843,0.7885764012499505
RF_202111100944,36,109,0.6320754716981132,0.7044025157232704,0.559748427672956,0.6153846153846154,0.6568914956011731,0.6320754716981132,0.6724409448818898,0.6523189280140796,0.7029389660219136
RF_202111100944,37,105,0.6761006289308176,0.7295597484276729,0.6226415094339622,0.6590909090909091,0.6925373134328358,0.6761006289308176,0.6748031496062992,0.6332194904827614,0.7466476800759464
RF_202111100944,38,103,0.6918238993710691,0.710691823899371,0.6729559748427673,0.6848484848484848,0.6975308641975309,0.6918238993710691,0.6834645669291338,0.6176271817688681,0.7607294015268383
RF_202111100944,39,108,0.6477987421383647,0.6666666666666666,0.6289308176100629,0.6424242424242425,0.654320987654321,0.6477987421383647,0.6779527559055119,0.6325531646124785,0.7116411534353863
RF_202111100944,40,104,0.6761006289308176,0.7295597484276729,0.6226415094339622,0.6590909090909091,0.6925373134328358,0.6761006289308176,0.6771653543307087,0.6206292749463925,0.7458170167319331
RF_202111100944,41,105,0.6477987421383647,0.710691823899371,0.5849056603773585,0.6312849162011173,0.6686390532544378,0.6477987421383647,0.6866141732283465,0.6336410238664119,0.724694434555595
RF_202111100944,42,98,0.6698113207547169,0.7044025157232704,0.6352201257861635,0.6588235294117647,0.6808510638297872,0.6698113207547169,0.6661417322834645,0.6316012045289512,0.7415450338198647
RF_202111100944,43,110,0.6666666666666666,0.6666666666666666,0.6666666666666666,0.6666666666666666,0.6666666666666666,0.6666666666666666,0.6700787401574804,0.6324509236012176,0.7448281317985839
RF_202111100944,44,108,0.660377358490566,0.7169811320754716,0.6037735849056604,0.6440677966101694,0.6785714285714285,0.660377358490566,0.6803149606299213,0.6401886969674744,0.7356117242197697
RF_202111100944,45,95,0.6477987421383647,0.6289308176100629,0.6666666666666666,0.6535947712418301,0.641025641025641,0.6477987421383647,0.6637795275590551,0.6407210874607543,0.7123927059847317
RF_202111100944,46,107,0.7138364779874213,0.7672955974842768,0.660377358490566,0.6931818181818182,0.728358208955224,0.7138364779874213,0.6653543307086615,0.6189102140505744,0.7567343063961078
RF_202111100944,47,109,0.6918238993710691,0.7295597484276729,0.6540880503144654,0.6783625730994152,0.7030303030303029,0.6918238993710691,0.6732283464566929,0.6206604011993321,0.7697480321189826
RF_202111100944,48,108,0.7075471698113207,0.6918238993710691,0.7232704402515723,0.7142857142857143,0.7028753993610223,0.7075471698113207,0.6881889763779527,0.601855468699654,0.805664332898224
RF_202111100944,49,114,0.6886792452830188,0.6981132075471698,0.6792452830188679,0.6851851851851852,0.6915887850467289,0.6886792452830188,0.6850393700787402,0.6093917456424119,0.7698666983109845
RF_202111100944,50,103,0.6949685534591195,0.779874213836478,0.610062893081761,0.6666666666666666,0.7188405797101448,0.6949685534591195,0.6700787401574804,0.6218601443908974,0.7520272141133657
RF_202111100944,51,110,0.6886792452830188,0.7484276729559748,0.6289308176100629,0.6685393258426966,0.7062314540059348,0.6886792452830188,0.6724409448818898,0.6291621594119191,0.7547960919267434
RF_202111100944,52,104,0.710691823899371,0.7735849056603774,0.6477987421383647,0.6871508379888268,0.7278106508875741,0.7106918238993711,0.6811023622047244,0.6222890907756421,0.7554289782840868
RF_202111100944,53,105,0.710691823899371,0.7547169811320755,0.6666666666666666,0.6936416184971098,0.7228915662650603,0.7106918238993711,0.6818897637795276,0.6005524458587279,0.7943514892607096
RF_202111100944,54,101,0.6666666666666666,0.6981132075471698,0.6352201257861635,0.6568047337278107,0.6768292682926829,0.6666666666666666,0.6755905511811023,0.6338658397970508,0.7378268264704719
RF_202111100944,55,108,0.7138364779874213,0.8113207547169812,0.6163522012578616,0.6789473684210526,0.7392550143266476,0.7138364779874213,0.6779527559055119,0.6193684643532282,0.7672560420869428
RF_202111100944,56,105,0.6823899371069182,0.7547169811320755,0.610062893081761,0.6593406593406593,0.7038123167155425,0.6823899371069182,0.6921259842519685,0.6156837256375624,0.7516712155373602
RF_202111100944,57,109,0.6761006289308176,0.6855345911949685,0.6666666666666666,0.6728395061728395,0.6791277258566978,0.6761006289308176,0.6850393700787402,0.6187597562718528,0.7533720976227206
RF_202111100944,58,115,0.6823899371069182,0.7735849056603774,0.5911949685534591,0.6542553191489362,0.7089337175792507,0.6823899371069182,0.6637795275590551,0.6272674984253088,0.7627467267908706
RF_202111100944,59,109,0.6855345911949685,0.7610062893081762,0.610062893081761,0.6612021857923497,0.7076023391812866,0.6855345911949686,0.6850393700787402,0.615681238621017,0.7545983149400735
RF_202111100944,60,107,0.6477987421383647,0.6918238993710691,0.6037735849056604,0.6358381502890174,0.6626506024096386,0.6477987421383647,0.6818897637795276,0.6340677585123974,0.7334361773664018
RF_202111100944,61,103,0.6540880503144654,0.7295597484276729,0.5786163522012578,0.6338797814207651,0.6783625730994152,0.6540880503144654,0.6968503937007874,0.6357330577291657,0.7082393892646652
RF_202111100944,62,110,0.6698113207547169,0.7547169811320755,0.5849056603773585,0.6451612903225806,0.6956521739130435,0.6698113207547169,0.6637795275590551,0.631228476207904,0.7480321189826352
RF_202111100944,63,100,0.6981132075471698,0.7924528301886793,0.6037735849056604,0.6666666666666666,0.7241379310344827,0.6981132075471699,0.6858267716535433,0.6101366844437175,0.772872908508366
RF_202111100944,64,111,0.6446540880503144,0.6981132075471698,0.5911949685534591,0.6306818181818182,0.6626865671641791,0.6446540880503144,0.6889763779527559,0.6377816540560611,0.7047980696966102
RF_202111100944,65,108,0.6855345911949685,0.7421383647798742,0.6289308176100629,0.6666666666666666,0.7023809523809523,0.6855345911949685,0.6598425196850394,0.6285152911911721,0.7540049839800641
RF_202111100944,66,101,0.7169811320754716,0.7484276729559748,0.6855345911949685,0.7041420118343196,0.7256097560975611,0.7169811320754716,0.6787401574803149,0.6098889732000857,0.7655156046042483
RF_202111100944,67,112,0.6886792452830188,0.7358490566037735,0.6415094339622641,0.6724137931034483,0.7027027027027026,0.6886792452830188,0.6881889763779527,0.6191826402795776,0.7490605593133184
RF_202111100944,68,107,0.6477987421383647,0.6981132075471698,0.5974842767295597,0.6342857142857142,0.6646706586826346,0.6477987421383647,0.6866141732283465,0.6451758137675775,0.7071318381393141
RF_202111100944,69,101,0.6855345911949685,0.7295597484276729,0.6415094339622641,0.6705202312138728,0.6987951807228916,0.6855345911949685,0.6889763779527559,0.6163450856235796,0.7646849412602349
RF_202111100944,70,104,0.6666666666666666,0.7358490566037735,0.5974842767295597,0.6464088397790055,0.688235294117647,0.6666666666666666,0.6795275590551181,0.6354490315162042,0.7453423519639254
RF_202111100944,71,100,0.7484276729559748,0.8301886792452831,0.6666666666666666,0.7135135135135136,0.7674418604651163,0.7484276729559749,0.6740157480314961,0.6155089044413325,0.8069301056129109
RF_202111100944,72,116,0.6823899371069182,0.6289308176100629,0.7358490566037735,0.704225352112676,0.6644518272425249,0.6823899371069182,0.7015748031496063,0.6239681707241594,0.7414263676278628
RF_202111100944,73,99,0.6949685534591195,0.7484276729559748,0.6415094339622641,0.6761363636363636,0.7104477611940299,0.6949685534591195,0.6803149606299213,0.611816900469537,0.7658320477829199
RF_202111100944,74,100,0.6949685534591195,0.7861635220125787,0.6037735849056604,0.6648936170212766,0.7204610951008645,0.6949685534591195,0.6653543307086615,0.607653075244982,0.7847395277085558
RF_202111100944,75,107,0.6761006289308176,0.7044025157232704,0.6477987421383647,0.6666666666666666,0.6850152905198776,0.6761006289308176,0.6881889763779527,0.625785038803413,0.7248131007475971
RF_202111100944,76,117,0.6666666666666666,0.6918238993710691,0.6415094339622641,0.6586826347305389,0.6748466257668712,0.6666666666666666,0.6811023622047244,0.6180049612911276,0.7589889640441438
RF_202111100944,77,106,0.6729559748427673,0.6792452830188679,0.6666666666666666,0.6708074534161491,0.6749999999999999,0.6729559748427673,0.6708661417322834,0.6313243300992063,0.7421383647798743
RF_202111100944,78,104,0.6855345911949685,0.6855345911949685,0.6855345911949685,0.6855345911949685,0.6855345911949685,0.6855345911949685,0.6897637795275591,0.6210983770804573,0.755270756694751
RF_202111100944,79,112,0.7044025157232704,0.7421383647798742,0.6666666666666666,0.6900584795321637,0.7151515151515151,0.7044025157232704,0.6874015748031496,0.6090048673378083,0.7758395633084134
RF_202111100944,80,108,0.6761006289308176,0.7547169811320755,0.5974842767295597,0.6521739130434783,0.6997084548104957,0.6761006289308176,0.6763779527559055,0.6237942355463412,0.7533720976227207
RF_202111100944,81,109,0.6823899371069182,0.7169811320754716,0.6477987421383647,0.6705882352941176,0.6930091185410334,0.6823899371069182,0.6787401574803149,0.617205480845575,0.7629049483802064
RF_202111100944,82,107,0.710691823899371,0.7610062893081762,0.660377358490566,0.6914285714285714,0.7245508982035929,0.7106918238993711,0.662992125984252,0.630704593452337,0.7676911514576163
RF_202111100944,83,108,0.6918238993710691,0.7610062893081762,0.6226415094339622,0.6685082872928176,0.7117647058823529,0.6918238993710693,0.6732283464566929,0.6189944815930732,0.760966733910842
RF_202111100944,84,108,0.6666666666666666,0.7169811320754716,0.6163522012578616,0.6514285714285715,0.6826347305389221,0.6666666666666666,0.6787401574803149,0.646274669273376,0.7215300027688778
RF_202111100944,85,109,0.6509433962264151,0.710691823899371,0.5911949685534591,0.6348314606741573,0.6706231454005934,0.6509433962264151,0.6881889763779527,0.6331739267910852,0.7192357897235079
RF_202111100944,86,105,0.6729559748427673,0.7358490566037735,0.610062893081761,0.6536312849162011,0.6923076923076923,0.6729559748427673,0.6692913385826772,0.6340877182789428,0.7398837071318382
RF_202111100944,87,99,0.6792452830188679,0.6918238993710691,0.6666666666666666,0.6748466257668712,0.6832298136645962,0.6792452830188679,0.6921259842519685,0.6166986623385533,0.7498121118626637
RF_202111100944,88,104,0.6792452830188679,0.7358490566037735,0.6226415094339622,0.6610169491525424,0.6964285714285713,0.6792452830188679,0.6724409448818898,0.6196833471088858,0.775325343143072
RF_202111100944,89,103,0.660377358490566,0.7232704402515723,0.5974842767295597,0.6424581005586593,0.6804733727810651,0.660377358490566,0.6708661417322834,0.6292914962122008,0.7477552312012975
RF_202111100944,90,102,0.6635220125786163,0.6415094339622641,0.6855345911949685,0.6710526315789473,0.6559485530546624,0.6635220125786163,0.6818897637795276,0.6342484512841942,0.7150033622087734
RF_202111100944,91,105,0.7012578616352201,0.7672955974842768,0.6352201257861635,0.6777777777777778,0.7197640117994101,0.7012578616352201,0.6622047244094488,0.6273286231367003,0.7575649697401209
RF_202111100944,92,107,0.7075471698113207,0.6981132075471698,0.7169811320754716,0.7115384615384616,0.7047619047619047,0.7075471698113207,0.6716535433070866,0.6077384179646282,0.7784502195324552
RF_202111100944,93,110,0.710691823899371,0.7547169811320755,0.6666666666666666,0.6936416184971098,0.7228915662650603,0.7106918238993711,0.6669291338582677,0.6108744275503768,0.7807444325778252
RF_202111100944,94,100,0.6981132075471698,0.7232704402515723,0.6729559748427673,0.688622754491018,0.7055214723926381,0.6981132075471698,0.6519685039370079,0.6297520661025464,0.7538072069933942
RF_202111100944,95,101,0.7044025157232704,0.7547169811320755,0.6540880503144654,0.6857142857142857,0.718562874251497,0.7044025157232705,0.6716535433070866,0.6137044469967219,0.7608876231161742
RF_202111100944,96,103,0.6886792452830188,0.7735849056603774,0.6037735849056604,0.6612903225806451,0.7130434782608696,0.6886792452830188,0.6748031496062992,0.6269721113390255,0.7649222736442389
RF_202111100944,97,101,0.7421383647798742,0.7672955974842768,0.7169811320754716,0.7305389221556886,0.7484662576687117,0.7421383647798743,0.6708661417322834,0.6109039042739698,0.7913452790633282
RF_202111100944,98,109,0.660377358490566,0.7610062893081762,0.559748427672956,0.6335078534031413,0.6914285714285714,0.6603773584905661,0.6771653543307087,0.6401406313604965,0.7059056208219613
RF_202111100944,99,104,0.710691823899371,0.7610062893081762,0.660377358490566,0.6914285714285714,0.7245508982035929,0.7106918238993711,0.6897637795275591,0.605090513698319,0.7856888572445709
