model,seed/run,accuracy,accuracy_class1/recall,accuracy_class0,precision,f1_score,balanced_accuracy,roc_auc
logreg,0,0.6289308176100629,0.6289308176100629,0.6289308176100629,0.6289308176100629,0.6289308176100629,0.6289308176100629,0.6699695423440529
logreg,1,0.5880503144654088,0.6289308176100629,0.5471698113207547,0.5813953488372093,0.6042296072507554,0.5880503144654088,0.6309085874767614
logreg,2,0.6069182389937107,0.5911949685534591,0.6226415094339622,0.6103896103896104,0.6006389776357827,0.6069182389937107,0.6494996242237253
logreg,3,0.5880503144654088,0.5786163522012578,0.5974842767295597,0.5897435897435898,0.5841269841269842,0.5880503144654088,0.6288121514180609
logreg,4,0.6163522012578616,0.6037735849056604,0.6289308176100629,0.6193548387096774,0.6114649681528661,0.6163522012578616,0.6234523950793086
logreg,5,0.6132075471698113,0.5911949685534591,0.6352201257861635,0.618421052631579,0.6045016077170418,0.6132075471698113,0.6366836754875204
logreg,6,0.5974842767295597,0.5471698113207547,0.6477987421383647,0.6083916083916084,0.5761589403973509,0.5974842767295597,0.6140777659111587
logreg,7,0.6383647798742138,0.6540880503144654,0.6226415094339622,0.6341463414634146,0.6439628482972136,0.6383647798742138,0.6735097504054429
logreg,8,0.5974842767295597,0.559748427672956,0.6352201257861635,0.6054421768707483,0.5816993464052288,0.5974842767295597,0.634705905620822
logreg,9,0.6194968553459119,0.6289308176100629,0.610062893081761,0.6172839506172839,0.6230529595015576,0.6194968553459119,0.6502907321704048
logreg,10,0.6226415094339622,0.6352201257861635,0.610062893081761,0.6196319018404908,0.6273291925465837,0.6226415094339622,0.6438629801036352
logreg,11,0.5786163522012578,0.610062893081761,0.5471698113207547,0.5739644970414202,0.5914634146341463,0.5786163522012578,0.5957240615481985
logreg,12,0.6163522012578616,0.6352201257861635,0.5974842767295597,0.6121212121212121,0.6234567901234568,0.6163522012578616,0.6366045646928523
logreg,13,0.6069182389937107,0.5974842767295597,0.6163522012578616,0.6089743589743589,0.6031746031746031,0.6069182389937107,0.6566393734425062
logreg,14,0.5974842767295597,0.5911949685534591,0.6037735849056604,0.5987261146496815,0.5949367088607594,0.5974842767295597,0.6183497488232269
logreg,15,0.6037735849056604,0.5911949685534591,0.6163522012578616,0.6064516129032258,0.5987261146496816,0.6037735849056604,0.6329654681381275
logreg,16,0.6069182389937107,0.5786163522012578,0.6352201257861635,0.6133333333333333,0.5954692556634305,0.6069182389937107,0.6228195087219652
logreg,17,0.5911949685534591,0.6352201257861635,0.5471698113207547,0.5838150289017341,0.608433734939759,0.5911949685534591,0.6327083580554568
logreg,18,0.6383647798742138,0.6666666666666666,0.610062893081761,0.6309523809523809,0.6483180428134556,0.6383647798742138,0.6666271112693327
logreg,19,0.6194968553459119,0.6163522012578616,0.6226415094339622,0.620253164556962,0.6182965299684542,0.6194968553459119,0.6477987421383649
logreg,20,0.6635220125786163,0.6226415094339622,0.7044025157232704,0.678082191780822,0.6491803278688525,0.6635220125786163,0.7075669475099877
logreg,21,0.5911949685534591,0.5974842767295597,0.5849056603773585,0.5900621118012422,0.59375,0.5911949685534591,0.6404018828369132
logreg,22,0.6163522012578616,0.6226415094339622,0.610062893081761,0.6149068322981367,0.61875,0.6163522012578616,0.6493611803330565
logreg,23,0.6383647798742138,0.660377358490566,0.6163522012578616,0.6325301204819277,0.6461538461538461,0.6383647798742138,0.6600609153118944
logreg,24,0.6792452830188679,0.6729559748427673,0.6855345911949685,0.6815286624203821,0.6772151898734177,0.6792452830188679,0.7139353664807563
logreg,25,0.6163522012578616,0.6226415094339622,0.610062893081761,0.6149068322981367,0.61875,0.6163522012578616,0.6413116569755944
logreg,26,0.5754716981132075,0.5974842767295597,0.5534591194968553,0.572289156626506,0.5846153846153845,0.5754716981132075,0.6211977374312725
logreg,27,0.60062893081761,0.5911949685534591,0.610062893081761,0.6025641025641025,0.5968253968253968,0.60062893081761,0.6365254538981845
logreg,28,0.6037735849056604,0.6415094339622641,0.5660377358490566,0.5964912280701754,0.6181818181818182,0.6037735849056604,0.6340532415648116
logreg,29,0.6446540880503144,0.6289308176100629,0.660377358490566,0.6493506493506493,0.6389776357827476,0.6446540880503144,0.6670622206400063
logreg,30,0.5849056603773585,0.5471698113207547,0.6226415094339622,0.5918367346938775,0.5686274509803921,0.5849056603773585,0.6340136861674777
logreg,31,0.5849056603773585,0.6037735849056604,0.5660377358490566,0.5818181818181818,0.5925925925925926,0.5849056603773585,0.6440212016929712
logreg,32,0.6666666666666666,0.6666666666666666,0.6666666666666666,0.6666666666666666,0.6666666666666666,0.6666666666666666,0.6760017404374827
logreg,33,0.6352201257861635,0.6540880503144654,0.6163522012578616,0.6303030303030303,0.6419753086419753,0.6352201257861635,0.6622760175625964
logreg,34,0.6194968553459119,0.6415094339622641,0.5974842767295597,0.6144578313253012,0.6276923076923077,0.6194968553459119,0.6294648154740714
logreg,35,0.6289308176100629,0.6352201257861635,0.6226415094339622,0.6273291925465838,0.6312500000000001,0.6289308176100629,0.6691191013013726
logreg,36,0.6383647798742138,0.6415094339622641,0.6352201257861635,0.6375,0.6394984326018808,0.6383647798742138,0.6661722241999921
logreg,37,0.6415094339622641,0.6037735849056604,0.6792452830188679,0.6530612244897959,0.6274509803921567,0.6415094339622641,0.6631462363039436
logreg,38,0.6446540880503144,0.5974842767295597,0.6918238993710691,0.6597222222222222,0.6270627062706271,0.6446540880503144,0.669870653850718
logreg,39,0.6163522012578616,0.6415094339622641,0.5911949685534591,0.6107784431137725,0.6257668711656442,0.6163522012578616,0.6728966417467663
logreg,40,0.6320754716981132,0.6037735849056604,0.660377358490566,0.64,0.6213592233009708,0.6320754716981132,0.6641944543332938
logreg,41,0.6320754716981132,0.610062893081761,0.6540880503144654,0.6381578947368421,0.6237942122186495,0.6320754716981132,0.6787706182508604
logreg,42,0.6069182389937107,0.6037735849056604,0.610062893081761,0.6075949367088608,0.6056782334384858,0.6069182389937107,0.6684664372453621
logreg,43,0.5849056603773585,0.5408805031446541,0.6289308176100629,0.593103448275862,0.5657894736842105,0.5849056603773585,0.6146908745698352
logreg,44,0.5974842767295597,0.6289308176100629,0.5660377358490566,0.591715976331361,0.6097560975609757,0.5974842767295597,0.6487876270717139
logreg,45,0.5754716981132075,0.5849056603773585,0.5660377358490566,0.5740740740740741,0.5794392523364486,0.5754716981132075,0.6262806059886872
logreg,46,0.5817610062893082,0.5849056603773585,0.5786163522012578,0.58125,0.5830721003134797,0.5817610062893082,0.5981171630869032
logreg,47,0.60062893081761,0.5723270440251572,0.6289308176100629,0.6066666666666667,0.5889967637540454,0.60062893081761,0.6446343103516475
logreg,48,0.6572327044025157,0.6666666666666666,0.6477987421383647,0.654320987654321,0.660436137071651,0.6572327044025157,0.6968276571338159
logreg,49,0.6823899371069182,0.6792452830188679,0.6855345911949685,0.6835443037974683,0.6813880126182965,0.6823899371069182,0.708456943950002
logreg,50,0.6320754716981132,0.6352201257861635,0.6289308176100629,0.63125,0.6332288401253918,0.6320754716981132,0.6542462719038012
logreg,51,0.6226415094339622,0.6540880503144654,0.5911949685534591,0.6153846153846154,0.6341463414634148,0.6226415094339622,0.6881452474190104
logreg,52,0.6352201257861635,0.6163522012578616,0.6540880503144654,0.6405228758169934,0.6282051282051282,0.6352201257861635,0.6733910842134411
logreg,53,0.6257861635220126,0.6289308176100629,0.6226415094339622,0.625,0.6269592476489029,0.6257861635220126,0.678038843400182
logreg,54,0.6572327044025157,0.6666666666666666,0.6477987421383647,0.654320987654321,0.660436137071651,0.6572327044025157,0.6706815394960642
logreg,55,0.6352201257861635,0.6540880503144654,0.6163522012578616,0.6303030303030303,0.6419753086419753,0.6352201257861635,0.6837348206162731
logreg,56,0.6698113207547169,0.6477987421383647,0.6918238993710691,0.6776315789473685,0.662379421221865,0.6698113207547169,0.7186226810648313
logreg,57,0.6289308176100629,0.6226415094339622,0.6352201257861635,0.6305732484076433,0.6265822784810127,0.6289308176100629,0.6472647442743563
logreg,58,0.6352201257861635,0.710691823899371,0.559748427672956,0.6174863387978142,0.6608187134502923,0.6352201257861635,0.6944938886911118
logreg,59,0.6163522012578616,0.6477987421383647,0.5849056603773585,0.6094674556213018,0.6280487804878049,0.6163522012578616,0.6351410149914956
logreg,60,0.5849056603773585,0.6037735849056604,0.5660377358490566,0.5818181818181818,0.5925925925925926,0.5849056603773585,0.6254894980420079
logreg,61,0.5754716981132075,0.6415094339622641,0.5094339622641509,0.5666666666666667,0.6017699115044247,0.5754716981132075,0.6057117993750247
logreg,62,0.6037735849056604,0.6415094339622641,0.5660377358490566,0.5964912280701754,0.6181818181818182,0.6037735849056604,0.6832997112455994
logreg,63,0.6320754716981132,0.6729559748427673,0.5911949685534591,0.622093023255814,0.6465256797583082,0.6320754716981132,0.6526047229144417
logreg,64,0.6666666666666666,0.6792452830188679,0.6540880503144654,0.6625766871165644,0.670807453416149,0.6666666666666666,0.6998536450298644
logreg,65,0.610062893081761,0.6477987421383647,0.5723270440251572,0.6023391812865497,0.6242424242424244,0.610062893081761,0.6363474546101816
logreg,66,0.6257861635220126,0.5849056603773585,0.6666666666666666,0.636986301369863,0.6098360655737705,0.6257861635220126,0.6389976662315573
logreg,67,0.6446540880503144,0.6792452830188679,0.610062893081761,0.6352941176470588,0.6565349544072948,0.6446540880503144,0.6969067679284838
logreg,68,0.6069182389937107,0.5849056603773585,0.6289308176100629,0.6118421052631579,0.5980707395498392,0.6069182389937107,0.6608124678612398
logreg,69,0.6257861635220126,0.660377358490566,0.5911949685534591,0.6176470588235294,0.6382978723404255,0.6257861635220126,0.6517542818717614
logreg,70,0.6163522012578616,0.6477987421383647,0.5849056603773585,0.6094674556213018,0.6280487804878049,0.6163522012578616,0.6307305881887584
logreg,71,0.6415094339622641,0.6855345911949685,0.5974842767295597,0.630057803468208,0.6566265060240964,0.6415094339622641,0.6852972588109647
logreg,72,0.6352201257861635,0.6037735849056604,0.6666666666666666,0.6442953020134228,0.6233766233766234,0.6352201257861635,0.6507456192397453
logreg,73,0.6132075471698113,0.6037735849056604,0.6226415094339622,0.6153846153846154,0.6095238095238096,0.6132075471698113,0.655848265495827
logreg,74,0.6289308176100629,0.6289308176100629,0.6289308176100629,0.6289308176100629,0.6289308176100629,0.6289308176100629,0.647541632055694
logreg,75,0.6698113207547169,0.6729559748427673,0.6666666666666666,0.66875,0.670846394984326,0.6698113207547169,0.6890550215576916
logreg,76,0.6194968553459119,0.6163522012578616,0.6226415094339622,0.620253164556962,0.6182965299684542,0.6194968553459119,0.6245006131086587
logreg,77,0.6257861635220126,0.6540880503144654,0.5974842767295597,0.6190476190476191,0.6360856269113151,0.6257861635220126,0.6577469245678573
logreg,78,0.6320754716981132,0.6477987421383647,0.6163522012578616,0.6280487804878049,0.6377708978328174,0.6320754716981132,0.6675764408053478
logreg,79,0.610062893081761,0.6289308176100629,0.5911949685534591,0.6060606060606061,0.6172839506172839,0.610062893081761,0.6525453898184408
logreg,80,0.6257861635220126,0.6477987421383647,0.6037735849056604,0.6204819277108434,0.6338461538461538,0.6257861635220126,0.6700288754400537
logreg,81,0.610062893081761,0.5974842767295597,0.6226415094339622,0.6129032258064516,0.6050955414012739,0.610062893081761,0.614888651556505
logreg,82,0.6163522012578616,0.6477987421383647,0.5849056603773585,0.6094674556213018,0.6280487804878049,0.6163522012578616,0.653435386258455
logreg,83,0.6069182389937107,0.6226415094339622,0.5911949685534591,0.6036585365853658,0.6130030959752322,0.6069182389937107,0.6268541592500296
logreg,84,0.6320754716981132,0.610062893081761,0.6540880503144654,0.6381578947368421,0.6237942122186495,0.6320754716981132,0.6728570863494324
logreg,85,0.6352201257861635,0.6666666666666666,0.6037735849056604,0.6272189349112426,0.6463414634146342,0.6352201257861635,0.6750524109014676
logreg,86,0.6163522012578616,0.660377358490566,0.5723270440251572,0.6069364161849711,0.6325301204819277,0.6163522012578616,0.6559273762904949
logreg,87,0.5628930817610063,0.5974842767295597,0.5283018867924528,0.5588235294117647,0.5775075987841946,0.5628930817610063,0.6033582532336539
logreg,88,0.6257861635220126,0.6352201257861635,0.6163522012578616,0.6234567901234568,0.6292834890965732,0.6257861635220126,0.6626320161386021
logreg,89,0.610062893081761,0.5974842767295597,0.6226415094339622,0.6129032258064516,0.6050955414012739,0.610062893081761,0.6447727542423164
logreg,90,0.6132075471698113,0.6289308176100629,0.5974842767295597,0.6097560975609756,0.6191950464396284,0.6132075471698113,0.6396305525889008
logreg,91,0.6037735849056604,0.5911949685534591,0.6163522012578616,0.6064516129032258,0.5987261146496816,0.6037735849056604,0.6318974724101104
logreg,92,0.6194968553459119,0.6352201257861635,0.6037735849056604,0.6158536585365854,0.6253869969040248,0.6194968553459119,0.6572920374985166
logreg,93,0.6415094339622641,0.6666666666666666,0.6163522012578616,0.6347305389221557,0.6503067484662577,0.6415094339622641,0.6832403781495986
logreg,94,0.6132075471698113,0.6163522012578616,0.610062893081761,0.6125,0.6144200626959248,0.6132075471698113,0.6441992009809739
logreg,95,0.6320754716981132,0.6415094339622641,0.6226415094339622,0.6296296296296297,0.6355140186915889,0.6320754716981132,0.6671215537360072
logreg,96,0.6132075471698113,0.6037735849056604,0.6226415094339622,0.6153846153846154,0.6095238095238096,0.6132075471698113,0.6347652387168229
logreg,97,0.6226415094339622,0.6226415094339622,0.6226415094339622,0.6226415094339622,0.6226415094339622,0.6226415094339622,0.6491634033463867
logreg,98,0.6069182389937107,0.6037735849056604,0.610062893081761,0.6075949367088608,0.6056782334384858,0.6069182389937107,0.6653217831573118
logreg,99,0.60062893081761,0.5911949685534591,0.610062893081761,0.6025641025641025,0.5968253968253968,0.60062893081761,0.635813456746173
