model,seed/run,accuracy,accuracy_class1/recall,accuracy_class0,precision,f1_score,balanced_accuracy,roc_auc
logreg,0,0.6289308176100629,0.6289308176100629,0.6289308176100629,0.6289308176100629,0.6289308176100629,0.6289308176100629,0.6699695423440529
logreg,1,0.5880503144654088,0.6289308176100629,0.5471698113207547,0.5813953488372093,0.6042296072507554,0.5880503144654088,0.6309085874767614
logreg,2,0.6069182389937107,0.5911949685534591,0.6226415094339622,0.6103896103896104,0.6006389776357827,0.6069182389937107,0.6494996242237253
logreg,3,0.5880503144654088,0.5786163522012578,0.5974842767295597,0.5897435897435898,0.5841269841269842,0.5880503144654088,0.6288121514180609
logreg,4,0.6163522012578616,0.6037735849056604,0.6289308176100629,0.6193548387096774,0.6114649681528661,0.6163522012578616,0.6234523950793086
logreg,5,0.6132075471698113,0.5911949685534591,0.6352201257861635,0.618421052631579,0.6045016077170418,0.6132075471698113,0.6366836754875204
logreg,6,0.5974842767295597,0.5471698113207547,0.6477987421383647,0.6083916083916084,0.5761589403973509,0.5974842767295597,0.6140777659111587
logreg,7,0.6383647798742138,0.6540880503144654,0.6226415094339622,0.6341463414634146,0.6439628482972136,0.6383647798742138,0.6735097504054429
logreg,8,0.5974842767295597,0.559748427672956,0.6352201257861635,0.6054421768707483,0.5816993464052288,0.5974842767295597,0.634705905620822
logreg,9,0.6194968553459119,0.6289308176100629,0.610062893081761,0.6172839506172839,0.6230529595015576,0.6194968553459119,0.6502907321704048
logreg,10,0.6226415094339622,0.6352201257861635,0.610062893081761,0.6196319018404908,0.6273291925465837,0.6226415094339622,0.6438629801036352
logreg,11,0.5786163522012578,0.610062893081761,0.5471698113207547,0.5739644970414202,0.5914634146341463,0.5786163522012578,0.5957240615481985
logreg,12,0.6163522012578616,0.6352201257861635,0.5974842767295597,0.6121212121212121,0.6234567901234568,0.6163522012578616,0.6366045646928523
logreg,13,0.6069182389937107,0.5974842767295597,0.6163522012578616,0.6089743589743589,0.6031746031746031,0.6069182389937107,0.6566393734425062
