model,seed/run,n_features_selected,accuracy,accuracy_class1/recall,accuracy_class0,precision,f1_score,balanced_accuracy,oob_accuracy,log_loss_value,roc_auc
RF_202111101633,0,221,0.6257861635220126,0.5534591194968553,0.6981132075471698,0.6470588235294118,0.5966101694915255,0.6257861635220126,0.6244094488188976,0.6510241961165365,0.6715715359360785
RF_202111101633,1,221,0.6163522012578616,0.5849056603773585,0.6477987421383647,0.6241610738255033,0.6038961038961039,0.6163522012578616,0.6259842519685039,0.6562260567833359,0.6599422491198924
RF_202111101633,2,221,0.6477987421383647,0.6037735849056604,0.6918238993710691,0.6620689655172414,0.6315789473684211,0.6477987421383647,0.6244094488188976,0.6535298590120829,0.6783355088801868
RF_202111101633,3,221,0.6132075471698113,0.610062893081761,0.6163522012578616,0.6139240506329114,0.6119873817034701,0.6132075471698113,0.6346456692913386,0.6585216941025865,0.6544440488904711
RF_202111101633,4,221,0.6163522012578616,0.5094339622641509,0.7232704402515723,0.648,0.5704225352112676,0.6163522012578616,0.6307086614173228,0.6570025878710176,0.66979154305605
RF_202111101633,5,221,0.6132075471698113,0.5660377358490566,0.660377358490566,0.625,0.594059405940594,0.6132075471698113,0.6196850393700788,0.6576066980712043,0.6627111269332701
RF_202111101633,6,221,0.60062893081761,0.5534591194968553,0.6477987421383647,0.6111111111111112,0.5808580858085809,0.60062893081761,0.6204724409448819,0.6576919807255169,0.6576084806771884
RF_202111101633,7,221,0.6635220125786163,0.6163522012578616,0.710691823899371,0.6805555555555556,0.6468646864686468,0.6635220125786163,0.6275590551181103,0.6436996652544535,0.7085558324433369
RF_202111101633,8,221,0.6163522012578616,0.5094339622641509,0.7232704402515723,0.648,0.5704225352112676,0.6163522012578616,0.6236220472440945,0.6545938196226827,0.667576440805348
RF_202111101633,9,221,0.6257861635220126,0.5911949685534591,0.660377358490566,0.6351351351351351,0.6123778501628665,0.6257861635220126,0.6330708661417322,0.6566902922895433,0.6621573513705945
RF_202111101633,10,221,0.6446540880503144,0.610062893081761,0.6792452830188679,0.6554054054054054,0.6319218241042345,0.6446540880503144,0.6220472440944882,0.642604651793375,0.7012380839365531
RF_202111101633,11,221,0.60062893081761,0.5345911949685535,0.6666666666666666,0.6159420289855072,0.5723905723905723,0.60062893081761,0.6354330708661418,0.6664065521207497,0.6327676911514576
RF_202111101633,12,221,0.6509433962264151,0.5849056603773585,0.7169811320754716,0.6739130434782609,0.6262626262626263,0.6509433962264151,0.6165354330708661,0.6474348128311216,0.7044420711206044
RF_202111101633,13,221,0.6257861635220126,0.5849056603773585,0.6666666666666666,0.636986301369863,0.6098360655737705,0.6257861635220126,0.6307086614173228,0.6572612363930153,0.6637395672639532
RF_202111101633,14,221,0.6037735849056604,0.5157232704402516,0.6918238993710691,0.6259541984732825,0.5655172413793104,0.6037735849056604,0.6196850393700788,0.6587204985271007,0.6557889323998259
RF_202111101633,15,221,0.6477987421383647,0.6163522012578616,0.6792452830188679,0.6577181208053692,0.6363636363636364,0.6477987421383647,0.6110236220472441,0.6458455862189867,0.7035718523792572
RF_202111101633,16,221,0.5880503144654088,0.5345911949685535,0.6415094339622641,0.5985915492957746,0.5647840531561462,0.5880503144654088,0.6299212598425197,0.659527738845334,0.6459000830663344
RF_202111101633,17,221,0.5880503144654088,0.559748427672956,0.6163522012578616,0.5933333333333334,0.5760517799352751,0.5880503144654088,0.6448818897637796,0.6579804935394867,0.659151141173213
RF_202111101633,18,221,0.6163522012578616,0.5974842767295597,0.6352201257861635,0.6209150326797386,0.6089743589743589,0.6163522012578616,0.6133858267716535,0.6549419898907657,0.6676951069973498
RF_202111101633,19,221,0.6540880503144654,0.610062893081761,0.6981132075471698,0.6689655172413793,0.6381578947368421,0.6540880503144654,0.6299212598425197,0.6471336838453876,0.7015940825125588
RF_202111101633,20,221,0.6761006289308176,0.5911949685534591,0.7610062893081762,0.7121212121212122,0.6460481099656357,0.6761006289308176,0.621259842519685,0.6473206040447533,0.7074087259206521
RF_202111101633,21,221,0.5943396226415094,0.559748427672956,0.6289308176100629,0.6013513513513513,0.5798045602605862,0.5943396226415094,0.6259842519685039,0.6588177094443047,0.6503302875677386
RF_202111101633,22,221,0.6572327044025157,0.5911949685534591,0.7232704402515723,0.6811594202898551,0.632996632996633,0.6572327044025157,0.6165354330708661,0.645624385459179,0.693168782880424
RF_202111101633,23,221,0.6415094339622641,0.5723270440251572,0.710691823899371,0.6642335766423357,0.6148648648648649,0.6415094339622641,0.6330708661417322,0.6484894979846693,0.6989043154938491
RF_202111101633,24,221,0.6823899371069182,0.5974842767295597,0.7672955974842768,0.7196969696969697,0.6529209621993126,0.6823899371069182,0.6181102362204725,0.6466491990406815,0.7087931648273407
RF_202111101633,25,221,0.6226415094339622,0.5345911949685535,0.710691823899371,0.648854961832061,0.5862068965517242,0.6226415094339622,0.6385826771653543,0.6485448591860177,0.693168782880424
RF_202111101633,26,221,0.6163522012578616,0.5723270440251572,0.660377358490566,0.6275862068965518,0.5986842105263157,0.6163522012578616,0.6291338582677165,0.6562625299991056,0.6622364621652626
RF_202111101633,27,221,0.6194968553459119,0.5471698113207547,0.6918238993710691,0.6397058823529411,0.5898305084745762,0.6194968553459119,0.6267716535433071,0.6600244938476553,0.6585578102132036
RF_202111101633,28,221,0.610062893081761,0.6163522012578616,0.6037735849056604,0.6086956521739131,0.6125,0.610062893081761,0.6228346456692914,0.6565663247485333,0.6645306752106324
RF_202111101633,29,221,0.6446540880503144,0.5849056603773585,0.7044025157232704,0.6642857142857143,0.6220735785953176,0.6446540880503144,0.6110236220472441,0.6404697000586799,0.7265139828329575
RF_202111101633,30,221,0.6352201257861635,0.5786163522012578,0.6918238993710691,0.6524822695035462,0.6133333333333334,0.6352201257861635,0.6393700787401575,0.652796094958452,0.675527075669475
RF_202111101633,31,221,0.610062893081761,0.5786163522012578,0.6415094339622641,0.6174496644295302,0.5974025974025975,0.610062893081761,0.6259842519685039,0.6557974130549858,0.6607729124639057
RF_202111101633,32,221,0.6257861635220126,0.5723270440251572,0.6792452830188679,0.6408450704225352,0.6046511627906977,0.6257861635220126,0.621259842519685,0.6584216111684683,0.6538902733277956
RF_202111101633,33,221,0.6509433962264151,0.6163522012578616,0.6855345911949685,0.6621621621621622,0.6384364820846905,0.6509433962264151,0.6236220472440945,0.6520185703625265,0.6840710414936118
RF_202111101633,34,221,0.6509433962264151,0.5974842767295597,0.7044025157232704,0.6690140845070423,0.6312292358803987,0.6509433962264151,0.6236220472440945,0.6479497826274397,0.6933270044697599
RF_202111101633,35,221,0.6446540880503144,0.5660377358490566,0.7232704402515723,0.6716417910447762,0.614334470989761,0.6446540880503144,0.6204724409448819,0.6498115848575866,0.6845457062616194
RF_202111101633,36,221,0.6163522012578616,0.5723270440251572,0.660377358490566,0.6275862068965518,0.5986842105263157,0.6163522012578616,0.6417322834645669,0.6586943886158279,0.655709821605158
RF_202111101633,37,221,0.6132075471698113,0.5471698113207547,0.6792452830188679,0.6304347826086957,0.5858585858585859,0.6132075471698113,0.6244094488188976,0.6494850274281113,0.6828843795735928
RF_202111101633,38,221,0.6415094339622641,0.559748427672956,0.7232704402515723,0.6691729323308271,0.6095890410958904,0.6415094339622641,0.6322834645669292,0.6483285613209565,0.6934852260590958
RF_202111101633,39,221,0.6320754716981132,0.6289308176100629,0.6352201257861635,0.6329113924050633,0.6309148264984227,0.6320754716981132,0.621259842519685,0.6561794156007592,0.6644515644159645
RF_202111101633,40,221,0.6257861635220126,0.5534591194968553,0.6981132075471698,0.6470588235294118,0.5966101694915255,0.6257861635220126,0.6307086614173228,0.6531560123798251,0.6695542106720462
RF_202111101633,41,221,0.6383647798742138,0.5911949685534591,0.6855345911949685,0.6527777777777778,0.6204620462046205,0.6383647798742138,0.6173228346456693,0.6391877619764196,0.7164273565127961
RF_202111101633,42,221,0.6352201257861635,0.5974842767295597,0.6729559748427673,0.6462585034013606,0.6209150326797385,0.6352201257861635,0.6362204724409449,0.6504557151726564,0.6820141608322456
RF_202111101633,43,221,0.6069182389937107,0.5471698113207547,0.6666666666666666,0.6214285714285714,0.5819397993311036,0.6069182389937107,0.631496062992126,0.665573139901513,0.6394129979035639
RF_202111101633,44,221,0.6289308176100629,0.610062893081761,0.6477987421383647,0.6339869281045751,0.6217948717948717,0.6289308176100629,0.6259842519685039,0.6521392283155782,0.6806297219255566
RF_202111101633,45,221,0.6132075471698113,0.5220125786163522,0.7044025157232704,0.6384615384615384,0.57439446366782,0.6132075471698113,0.6385826771653543,0.6604281992265729,0.6489062932637157
RF_202111101633,46,221,0.610062893081761,0.5723270440251572,0.6477987421383647,0.6190476190476191,0.5947712418300654,0.610062893081761,0.6393700787401575,0.6554564514049408,0.6579644792531941
RF_202111101633,47,221,0.6289308176100629,0.5974842767295597,0.660377358490566,0.6375838926174496,0.6168831168831168,0.6289308176100629,0.6299212598425197,0.6446530674484013,0.6957398837071318
RF_202111101633,48,221,0.6698113207547169,0.6163522012578616,0.7232704402515723,0.6901408450704225,0.6511627906976745,0.6698113207547169,0.6094488188976378,0.6380373031327848,0.727186424587635
RF_202111101633,49,221,0.7075471698113207,0.6540880503144654,0.7610062893081762,0.7323943661971831,0.6910299003322259,0.7075471698113207,0.6141732283464567,0.6378206099398505,0.7420196985878724
RF_202111101633,50,221,0.6383647798742138,0.610062893081761,0.6666666666666666,0.6466666666666666,0.627831715210356,0.6383647798742138,0.6023622047244095,0.6416867758263983,0.7196313436968474
RF_202111101633,51,221,0.6509433962264151,0.6163522012578616,0.6855345911949685,0.6621621621621622,0.6384364820846905,0.6509433962264151,0.6110236220472441,0.6451451251565189,0.7059451762192951
RF_202111101633,52,221,0.6572327044025157,0.6477987421383647,0.6666666666666666,0.6602564102564102,0.653968253968254,0.6572327044025157,0.6322834645669292,0.6389965326158871,0.7256437640916102
RF_202111101633,53,221,0.7012578616352201,0.660377358490566,0.7421383647798742,0.7191780821917808,0.6885245901639343,0.7012578616352201,0.6055118110236221,0.6456598156341867,0.7061033978086311
RF_202111101633,54,221,0.6320754716981132,0.5849056603773585,0.6792452830188679,0.6458333333333334,0.6138613861386139,0.6320754716981132,0.6181102362204725,0.6436060364573027,0.7064989517819706
RF_202111101633,55,221,0.6257861635220126,0.6415094339622641,0.610062893081761,0.6219512195121951,0.631578947368421,0.6257861635220126,0.6425196850393701,0.6495826748506627,0.6923776749337447
RF_202111101633,56,221,0.6823899371069182,0.660377358490566,0.7044025157232704,0.6907894736842105,0.67524115755627,0.6823899371069182,0.6157480314960629,0.639646859511517,0.7384201574304814
RF_202111101633,57,221,0.6352201257861635,0.610062893081761,0.660377358490566,0.6423841059602649,0.6258064516129032,0.6352201257861635,0.6251968503937008,0.6559740179539058,0.6739844151734504
RF_202111101633,58,221,0.6666666666666666,0.6792452830188679,0.6540880503144654,0.6625766871165644,0.670807453416149,0.6666666666666666,0.6204724409448819,0.6421433507492825,0.7140540326727582
RF_202111101633,59,221,0.6037735849056604,0.6226415094339622,0.5849056603773585,0.6,0.611111111111111,0.6037735849056604,0.6338582677165354,0.6611971829101001,0.6431312052529568
RF_202111101633,60,221,0.5911949685534591,0.5911949685534591,0.5911949685534591,0.5911949685534591,0.5911949685534591,0.5911949685534591,0.6362204724409449,0.6622429895434735,0.6432498714449586
RF_202111101633,61,221,0.6069182389937107,0.610062893081761,0.6037735849056604,0.60625,0.6081504702194357,0.6069182389937107,0.6377952755905512,0.6601360086794172,0.64645385862901
RF_202111101633,62,221,0.6540880503144654,0.6163522012578616,0.6918238993710691,0.6666666666666666,0.6405228758169934,0.6540880503144654,0.6173228346456693,0.6400946899761427,0.7292828606463351
RF_202111101633,63,221,0.6572327044025157,0.6666666666666666,0.6477987421383647,0.654320987654321,0.660436137071651,0.6572327044025157,0.6165354330708661,0.6491325132120815,0.6938412246351013
RF_202111101633,64,221,0.5974842767295597,0.5471698113207547,0.6477987421383647,0.6083916083916084,0.5761589403973509,0.5974842767295597,0.6433070866141732,0.6618715663161864,0.645188085914323
RF_202111101633,65,221,0.6226415094339622,0.6037735849056604,0.6415094339622641,0.6274509803921569,0.6153846153846154,0.6226415094339622,0.6291338582677165,0.6511968671975124,0.6793243938135358
RF_202111101633,66,221,0.6918238993710691,0.6540880503144654,0.7295597484276729,0.7074829931972789,0.6797385620915032,0.6918238993710691,0.6125984251968504,0.638421979936793,0.7281753095209842
RF_202111101633,67,221,0.6163522012578616,0.6289308176100629,0.6037735849056604,0.6134969325153374,0.6211180124223603,0.6163522012578616,0.6417322834645669,0.6548915112961334,0.670899094181401
RF_202111101633,68,221,0.6069182389937107,0.5471698113207547,0.6666666666666666,0.6214285714285714,0.5819397993311036,0.6069182389937107,0.6377952755905512,0.6646253086388328,0.6450298643249872
RF_202111101633,69,221,0.6257861635220126,0.5786163522012578,0.6729559748427673,0.6388888888888888,0.6072607260726073,0.6257861635220126,0.6181102362204725,0.6467091378130614,0.6906372374510502
RF_202111101633,70,221,0.6163522012578616,0.610062893081761,0.6226415094339622,0.6178343949044586,0.6139240506329113,0.6163522012578616,0.6283464566929133,0.6597845714047456,0.6506467307464103
RF_202111101633,71,221,0.6666666666666666,0.6477987421383647,0.6855345911949685,0.673202614379085,0.6602564102564102,0.6666666666666666,0.6251968503937008,0.6418368129494131,0.7233099956489064
RF_202111101633,72,221,0.6163522012578616,0.5094339622641509,0.7232704402515723,0.648,0.5704225352112676,0.6163522012578616,0.6385826771653543,0.6559601186691848,0.6645702306079664
RF_202111101633,73,221,0.6477987421383647,0.6226415094339622,0.6729559748427673,0.6556291390728477,0.6387096774193548,0.6477987421383647,0.6196850393700788,0.6485941229501971,0.6927336735097505
RF_202111101633,74,221,0.6635220125786163,0.6415094339622641,0.6855345911949685,0.6710526315789473,0.6559485530546624,0.6635220125786163,0.6110236220472441,0.6436246660243714,0.7180886832008228
RF_202111101633,75,221,0.6289308176100629,0.5786163522012578,0.6792452830188679,0.6433566433566433,0.609271523178808,0.6289308176100629,0.6204724409448819,0.652514302178939,0.6742217475574543
RF_202111101633,76,221,0.5880503144654088,0.5471698113207547,0.6289308176100629,0.5958904109589042,0.5704918032786885,0.5880503144654088,0.6220472440944882,0.6535393848699041,0.6629089039199398
RF_202111101633,77,221,0.6635220125786163,0.5974842767295597,0.7295597484276729,0.6884057971014492,0.6397306397306397,0.6635220125786163,0.6244094488188976,0.6520131058398413,0.6887385783790198
RF_202111101633,78,221,0.6069182389937107,0.5911949685534591,0.6226415094339622,0.6103896103896104,0.6006389776357827,0.6069182389937107,0.6259842519685039,0.6531819919339287,0.6667853328586686
RF_202111101633,79,221,0.6289308176100629,0.6415094339622641,0.6163522012578616,0.6257668711656442,0.6335403726708074,0.6289308176100629,0.6362204724409449,0.653944577291761,0.6718879791147503
RF_202111101633,80,221,0.6446540880503144,0.6352201257861635,0.6540880503144654,0.6474358974358975,0.6412698412698412,0.6446540880503144,0.6165354330708661,0.6520367786264037,0.6836754875202722
RF_202111101633,81,221,0.6037735849056604,0.5345911949685535,0.6729559748427673,0.6204379562043796,0.5743243243243242,0.6037735849056604,0.6346456692913386,0.6622206284604428,0.6421818757169415
RF_202111101633,82,221,0.6446540880503144,0.6477987421383647,0.6415094339622641,0.64375,0.64576802507837,0.6446540880503144,0.610236220472441,0.6454136021038206,0.7009611961552153
RF_202111101633,83,221,0.610062893081761,0.5911949685534591,0.6289308176100629,0.6143790849673203,0.6025641025641026,0.610062893081761,0.6425196850393701,0.6647711884070582,0.6418654325382699
RF_202111101633,84,221,0.6415094339622641,0.5786163522012578,0.7044025157232704,0.6618705035971223,0.6174496644295302,0.6415094339622641,0.6251968503937008,0.6486982201321497,0.6902021280803765
RF_202111101633,85,221,0.6320754716981132,0.6163522012578616,0.6477987421383647,0.6363636363636364,0.6261980830670926,0.6320754716981132,0.6283464566929133,0.6504155922459987,0.6872354732803291
RF_202111101633,86,221,0.6132075471698113,0.559748427672956,0.6666666666666666,0.6267605633802817,0.5913621262458473,0.6132075471698113,0.6354330708661418,0.6555552937792959,0.673430639610775
RF_202111101633,87,221,0.5691823899371069,0.5031446540880503,0.6352201257861635,0.5797101449275363,0.5387205387205388,0.5691823899371069,0.6393700787401575,0.6594303967736548,0.6408369922075867
RF_202111101633,88,221,0.6289308176100629,0.5911949685534591,0.6666666666666666,0.6394557823129252,0.6143790849673203,0.6289308176100629,0.6236220472440945,0.643191515374649,0.7069340611526442
RF_202111101633,89,221,0.6572327044025157,0.610062893081761,0.7044025157232704,0.6736111111111112,0.6402640264026402,0.6572327044025157,0.6275590551181103,0.65355576479024,0.6770301807681658
RF_202111101633,90,221,0.6509433962264151,0.6037735849056604,0.6981132075471698,0.6666666666666666,0.6336633663366337,0.6509433962264151,0.6417322834645669,0.651821074411683,0.6821328270242475
RF_202111101633,91,221,0.6226415094339622,0.5345911949685535,0.710691823899371,0.648854961832061,0.5862068965517242,0.6226415094339622,0.6417322834645669,0.6591344032607628,0.6579644792531941
RF_202111101633,92,221,0.6540880503144654,0.6540880503144654,0.6540880503144654,0.6540880503144654,0.6540880503144654,0.6540880503144654,0.6244094488188976,0.6415240259996053,0.7135398125074167
RF_202111101633,93,221,0.6477987421383647,0.6163522012578616,0.6792452830188679,0.6577181208053692,0.6363636363636364,0.6477987421383647,0.6259842519685039,0.6427431422097348,0.7155966931687828
RF_202111101633,94,221,0.610062893081761,0.5849056603773585,0.6352201257861635,0.6158940397350994,0.6000000000000001,0.610062893081761,0.6393700787401575,0.6522480317387216,0.6737866381867805
RF_202111101633,95,221,0.6257861635220126,0.5723270440251572,0.6792452830188679,0.6408450704225352,0.6046511627906977,0.6257861635220126,0.631496062992126,0.6458031800057301,0.6990229816858511
RF_202111101633,96,221,0.60062893081761,0.5660377358490566,0.6352201257861635,0.6081081081081081,0.5863192182410423,0.60062893081761,0.6291338582677165,0.6517791438688484,0.6697519876587159
RF_202111101633,97,221,0.6635220125786163,0.6415094339622641,0.6855345911949685,0.6710526315789473,0.6559485530546624,0.6635220125786163,0.6149606299212599,0.6436092684891376,0.7000514220165341
RF_202111101633,98,221,0.6069182389937107,0.5786163522012578,0.6352201257861635,0.6133333333333333,0.5954692556634305,0.6069182389937107,0.6409448818897637,0.6662470739772717,0.6401645504529093
RF_202111101633,99,221,0.6352201257861635,0.5849056603773585,0.6855345911949685,0.6503496503496503,0.6158940397350994,0.6352201257861635,0.6228346456692914,0.6509848163195313,0.675685297258811
